x	mu	sigma_90	sigma_95	sigma_99	muPlus90	muMinus90	muPlus95	muMinus95	muPlus99	muMinus99	sample1	sample2	sample3
-3.50000	-0.2544347000	1.8436748400	2.1900622300	2.8828370200	1.5892401400	-2.0981095400	1.9356275300	-2.4444969300	2.6284023200	-3.1372717200	-0.5340735720	1.6373278700	-0.4774198800
-3.45000	-0.2802881600	1.8402463300	2.1859895700	2.8774760700	1.5599581700	-2.1205344900	1.9057014100	-2.4662777300	2.5971879100	-3.1577642300	-0.5561625800	1.7339167700	-0.4917731300
-3.40000	-0.3079523500	1.8361880100	2.1811687900	2.8711303500	1.5282356600	-2.1441403600	1.8732164400	-2.4891211400	2.5631780000	-3.1790827000	-0.5799262510	1.8257705100	-0.5081683100
-3.35000	-0.3374487100	1.8314104600	2.1754936400	2.8636599900	1.4939617500	-2.1688591700	1.8380449300	-2.5129423500	2.5262112800	-3.2011087000	-0.6057421130	1.9114266900	-0.5268678100
-3.30000	-0.3687841800	1.8258168900	2.1688491500	2.8549136800	1.4570327100	-2.1946010700	1.8000649700	-2.5376333300	2.4861295000	-3.2236978600	-0.6339012180	1.9894582900	-0.5481281900
-3.25000	-0.4019494100	1.8193036300	2.1611121900	2.8447293100	1.4173542200	-2.2212530400	1.7591627800	-2.5630616000	2.4427799000	-3.2466787200	-0.6646021130	2.0585034100	-0.5721875700
-3.20000	-0.4369170800	1.8117607400	2.1521521600	2.8329349800	1.3748436600	-2.2486778200	1.7152350800	-2.5890692400	2.3960179000	-3.2698520600	-0.6979479980	2.1172937700	-0.5992506700
-3.15000	-0.4736402100	1.8030729600	2.1418321200	2.8193504500	1.3294327500	-2.2767131700	1.6681919100	-2.6154723300	2.3457102400	-3.2929906600	-0.7339464320	2.1646838900	-0.6294783700
-3.10000	-0.5120506300	1.7931208100	2.1300101800	2.8037889000	1.2810701800	-2.3051714400	1.6179595500	-2.6420608100	2.2917382700	-3.3158395300	-0.7725107750	2.1996744200	-0.6629767000
-3.05000	-0.5520575600	1.7817820800	2.1165411300	2.7860592500	1.2297245200	-2.3338396400	1.5644835700	-2.6685986900	2.2340016900	-3.3381168100	-0.8134650470	2.2214342500	-0.6997881200
-3.00000	-0.5935462900	1.7689335200	2.1012786100	2.7659687800	1.1753872300	-2.3624798100	1.5077323200	-2.6948249000	2.1724224900	-3.3595150700	-0.8565488170	2.2293193100	-0.7398850000
-2.95000	-0.6363771900	1.7544529000	2.0840773900	2.7433263600	1.1180757100	-2.3908300900	1.4477002000	-2.7204545800	2.1069491700	-3.3797035500	-0.9014254850	2.2228869900	-0.7831641100
-2.90000	-0.6803848500	1.7382212300	2.0647961300	2.7179459200	1.0578363800	-2.4186060800	1.3844112800	-2.7451809800	2.0375610700	-3.3983307700	-0.9476925800	2.2019055300	-0.8294464500
-2.85000	-0.7253775300	1.7201253600	2.0433004200	2.6896505600	0.9947478300	-2.4455028900	1.3179228900	-2.7686779500	1.9642730300	-3.4150280900	-0.9948899550	2.1663593600	-0.8784778300
-2.80000	-0.7711369900	1.7000607500	2.0194661100	2.6582768100	0.9289237600	-2.4711977400	1.2483291200	-2.7906031000	1.8871398200	-3.4294138000	-1.0425129000	2.1164517600	-0.9299315600
-2.75000	-0.8174185400	1.6779345600	1.9931828700	2.6236795000	0.8605160200	-2.4953531000	1.1757643300	-2.8106014100	1.8062609600	-3.4410980400	-1.0900216200	2.0525992400	-0.9834156900
-2.70000	-0.8639515900	1.6536688200	1.9643581200	2.5857367100	0.7897172300	-2.5176204100	1.1004065300	-2.8283097100	1.7217851200	-3.4496883000	-1.1368544000	1.9754262600	-1.0384800900
-2.65000	-0.9104405400	1.6272038900	1.9329209900	2.5443551800	0.7167633500	-2.5376444300	1.0224804500	-2.8433615300	1.6339146400	-3.4547957200	-1.1824379400	1.8857517500	-1.0946278700
-2.60000	-0.9565661000	1.5985020000	1.8988266200	2.4994758500	0.6419359000	-2.5550681000	0.9422605200	-2.8553927200	1.5429097500	-3.4560419500	-1.2261984100	1.7845752800	-1.1513253900
-2.55000	-1.0019870900	1.5675509000	1.8620604600	2.4510795900	0.5655638100	-2.5695379900	0.8600733700	-2.8640475500	1.4490925000	-3.4530666800	-1.2675719200	1.6730576900	-1.2080159800
-2.50000	-1.0463426500	1.5343676300	1.8226427600	2.3991930200	0.4880249800	-2.5807102800	0.7763001100	-2.8689854100	1.3528503700	-3.4455356700	-1.3060139800	1.5525008500	-1.2641323800
-2.45000	-1.0892549100	1.4990022500	1.7806329800	2.3438944300	0.4097473400	-2.5882571600	0.6913780700	-2.8698878900	1.2546395200	-3.4331493400	-1.3410074400	1.4243242900	-1.3191087000
-2.40000	-1.1303321500	1.4615416100	1.7361342800	2.2853196100	0.3312094600	-2.5918737600	0.6058021300	-2.8664664300	1.1549874600	-3.4156517600	-1.3720701800	1.2900397200	-1.3723944600
-2.35000	-1.1691723700	1.4221130400	1.6892979200	2.2236676600	0.2529406700	-2.5912854100	0.5201255500	-2.8584702900	1.0544952900	-3.3928400300	-1.3987618400	1.1512257100	-1.4234640700
-2.30000	-1.2053672500	1.3808879100	1.6403274600	2.1592065500	0.1755206600	-2.5862551600	0.4349602100	-2.8456947100	0.9538393000	-3.3645738000	-1.4206881600	1.0095017800	-1.4718271700
-2.25000	-1.2385065600	1.3380850000	1.5894827900	2.0922783600	0.0995784400	-2.5765915600	0.3509762300	-2.8279893500	0.8537718000	-3.3307849200	-1.4375049500	0.8665008180	-1.5170370300
-2.20000	-1.2681828700	1.2939735100	1.5370836800	2.0233040300	0.0257906400	-2.5621563800	0.2689008100	-2.8052665500	0.7551211600	-3.2914869000	-1.4489222600	0.7238436450	-1.5586954100
-2.15000	-1.2939965700	1.2488755900	1.4835128300	1.9527872900	-0.0451209800	-2.5428721600	0.1895162600	-2.7775094000	0.6587907200	-3.2467838600	-1.4547045900	0.5831142970	-1.5964573300
-2.10000	-1.3155611300	1.2031681000	1.4292178700	1.8813174000	-0.1123930300	-2.5187292300	0.1136567400	-2.7447790000	0.5657562700	-3.1968785300	-1.4546736300	0.4458358510	-1.6300325900
-2.05000	-1.3325085700	1.1572831100	1.3747120600	1.8095699600	-0.1752254600	-2.4897916800	0.0422034900	-2.7072206300	0.4770613900	-3.1420785300	-1.4487076900	0.3134492780	-1.6591844900
-2.00000	-1.3444950100	1.1117067100	1.3205728200	1.7383050400	-0.2327883000	-2.4562017200	-0.0239221900	-2.6650678300	0.3938100300	-3.0828000500	-1.4367413400	0.1872925080	-1.6837283900
-1.95000	-1.3512062500	1.0669751800	1.2674371800	1.6683611800	-0.2842310700	-2.4181814300	-0.0837690700	-2.6186434300	0.3171549300	-3.0195674300	-1.4187656300	0.0685834096	-1.7035274300
-1.90000	-1.3523633100	1.0236674100	1.2159928000	1.6006435800	-0.3286959000	-2.3760307200	-0.1363705100	-2.5683561100	0.2482802700	-2.9530068900	-1.3948256100	-0.0415956802	-1.7184865300
-1.85000	-1.3477278300	0.9823923800	1.1669630700	1.5361044500	-0.3653354500	-2.3301202100	-0.1807647600	-2.5146909000	0.1883766200	-2.8838322800	-1.3650202000	-0.1423101860	-1.7285473200
-1.80000	-1.3371072600	0.9437701100	1.1210845000	1.4757132700	-0.3933371500	-2.2808773700	-0.2160227600	-2.4581917600	0.1386060100	-2.8128205300	-1.3294999500	-0.2327837590	-1.7336803100
-1.75000	-1.3203597000	0.9084051000	1.0790751500	1.4204152500	-0.4119546000	-2.2287648000	-0.2412845500	-2.3994348500	0.1000555500	-2.7407749500	-1.2884660600	-0.3124047440	-1.7338788900
-1.70000	-1.2973983400	0.8768519600	1.0415938500	1.3710776100	-0.4205463800	-2.1742503000	-0.2558044900	-2.3389921900	0.0736792700	-2.6684759500	-1.2421685600	-0.3807305990	-1.7291515800
-1.65000	-1.2681954300	0.8495748100	1.0091918900	1.3284260600	-0.4186206200	-2.1177702400	-0.2590035400	-2.2773873200	0.0602306300	-2.5966214900	-1.1909054400	-0.4374900290	-1.7195179700
-1.60000	-1.2327856000	0.8269041900	0.9822619400	1.2929774500	-0.4058814100	-2.0596897900	-0.2505236600	-2.2150475400	0.0601918500	-2.5257630500	-1.1350207100	-0.4825811680	-1.7050027700
-1.55000	-1.1912685900	0.8089979600	0.9609915200	1.2649786300	-0.3822706300	-2.0002665500	-0.2302770700	-2.1522601100	0.0737100400	-2.4562472200	-1.0749045400	-0.5160673540	-1.6856331100
-1.50000	-1.1438111800	0.7958137100	0.9453302300	1.2443632600	-0.3479974700	-1.9396248900	-0.1984809500	-2.0891414100	0.1005520800	-2.3881744400	-1.0109903100	-0.5381721220	-1.6614359500
-1.45000	-1.0906483700	0.7870995800	0.9349788900	1.2307375200	-0.3035487900	-1.8777479500	-0.1556694800	-2.0256272600	0.1400891500	-2.3213858900	-0.9437548600	-0.5492698340	-1.6324397900
-1.40000	-1.0320836300	0.7824069500	0.9294046200	1.2233999600	-0.2496766800	-1.8144905800	-0.1026790100	-1.9614882500	0.1913163300	-2.2554835900	-0.8737163840	-0.5498745960	-1.5986741800
-1.35000	-0.9684883300	0.7811234000	0.9278799200	1.2213929600	-0.1873649300	-1.7496117300	-0.0406084100	-1.8963682500	0.2529046300	-2.1898812900	-0.8014325720	-0.5406289390	-1.5601741800
-1.30000	-0.9003001600	0.7825198100	0.9295386800	1.2235764200	-0.1177803500	-1.6828199700	0.0292385200	-1.8298388400	0.3232762600	-2.1238765800	-0.7274988930	-0.5222886360	-1.5169850200
-1.25000	-0.8280206000	0.7858031900	0.9334389400	1.2287104400	-0.0422174100	-1.6138237900	0.1054183400	-1.7614595400	0.4006898400	-2.0567310400	-0.6525446790	-0.4957074750	-1.4691675200
-1.20000	-0.7522115200	0.7901675000	0.9386232100	1.2355346300	0.0379559800	-1.5423790200	0.1864116900	-1.6908347300	0.4833231100	-1.9877461500	-0.5772298590	-0.4618208140	-1.4168051400
-1.15000	-0.6734907500	0.7948367900	0.9441697600	1.2428357000	0.1213460400	-1.4683275400	0.2706790100	-1.6176605100	0.5693449500	-1.9163264500	-0.5022413280	-0.4216289180	-1.3600116600
-1.10000	-0.5925267400	0.7990983900	0.9492320200	1.2494992900	0.2065716500	-1.3916251300	0.3567052800	-1.5417587600	0.6569725500	-1.8420260300	-0.4282852020	-0.3761791100	-1.2989388500
-1.05000	-0.5100324000	0.8023260800	0.9530661300	1.2545462300	0.2922936800	-1.3123584800	0.4430337300	-1.4630985300	0.7445138300	-1.7645786300	-0.3560818910	-0.3265483990	-1.2337837100
-1.00000	-0.4267580600	0.8039947900	0.9550483600	1.2571554900	0.3772367300	-1.2307528500	0.5282903000	-1.3818064200	0.8303974300	-1.6839135500	-0.2863578590	-0.2738269120	-1.1647954900
-0.95000	-0.3434837800	0.8036887400	0.9546848100	1.2566769500	0.4602049600	-1.1471725200	0.6112010300	-1.2981685900	0.9131931700	-1.6001607300	-0.2198367350	-0.2191011380	-1.0922820300
-0.90000	-0.2610109200	0.8011051300	0.9516157900	1.2526371100	0.5400942100	-1.0621160500	0.6906048700	-1.2126267100	0.9916261900	-1.5136480300	-0.1572295450	-0.1634392440	-1.0166145300
-0.85000	-0.1801532200	0.7960547500	0.9456165500	1.2447401500	0.6159015300	-0.9762079700	0.7654633300	-1.1257697700	1.0645869300	-1.4248933700	-0.0992251316	-0.1078768230	-0.9382302700
-0.80000	-0.1017274700	0.7884609200	0.9365960000	1.2328661600	0.6867334500	-0.8901883900	0.8348685300	-1.0383234700	1.1311386900	-1.3345936300	-0.0464793175	-0.0534045720	-0.8576352400
-0.75000	-0.0265437900	0.7783571900	0.9245939900	1.2170676000	0.7518134000	-0.8049009800	0.8980502000	-0.9511377800	1.1905238100	-1.2436113900	0.0003961189	-0.0009576292	-0.7754023400
-0.70000	0.0446041500	0.7658843900	0.9097778200	1.1975646800	0.8104885400	-0.7212802400	0.9543819700	-0.8651736700	1.2421688300	-1.1529605300	0.0408442775	0.0485939062	-0.6921706000
-0.65000	0.1109490400	0.7512868900	0.8924377600	1.1747395000	0.8622359300	-0.6403378500	1.0033868000	-0.7814887200	1.2856885400	-1.0637904600	0.0743722016	0.0944512364	-0.6086393800
-0.60000	0.1717596500	0.7349079000	0.8729815000	1.1491287100	0.9066675500	-0.5631482500	1.0447411500	-0.7012218500	1.3208883600	-0.9773690600	0.1005616470	0.1358936580	-0.5255623100
-0.55000	0.2263502900	0.7171830800	0.8519265700	1.1214135500	0.9435333700	-0.4908327900	1.0782768600	-0.6255762800	1.3477638400	-0.8950632600	0.1190761900	0.1722810210	-0.4437386700
-0.50000	0.2740899700	0.6986316900	0.8298897600	1.0924059100	0.9727216600	-0.4245417200	1.1039797300	-0.5557997900	1.3664958800	-0.8183159400	0.1296672640	0.2030579620	-0.3640043400
-0.45000	0.3144108100	0.6798436600	0.8075718600	1.0630282600	0.9942544700	-0.3654328500	1.1219826700	-0.4931610500	1.3774390700	-0.7486174500	0.1321808730	0.2277529680	-0.2872185300
-0.40000	0.3468159800	0.6614611800	0.7857357100	1.0342847600	1.0082771600	-0.3146452000	1.1325516900	-0.4389197300	1.3811007400	-0.6874687800	0.1265583700	0.2459800550	-0.2142511700
-0.35000	0.3708866200	0.6441529900	0.7651756700	1.0072210400	1.0150396100	-0.2732663700	1.1360622900	-0.3942890500	1.3781076600	-0.6363344200	0.1128379800	0.2574375090	-0.1459696300
-0.30000	0.3862879900	0.6285802200	0.7466771100	0.9828708900	1.0148682100	-0.2422922300	1.1329651000	-0.3603891200	1.3691588800	-0.5965829000	0.0911537288	0.2619066450	-0.0832226000
-0.25000	0.3927744400	0.6153542500	0.7309662600	0.9621902800	1.0081286900	-0.2225798100	1.1237407000	-0.3381918200	1.3549647200	-0.5694158400	0.0617314145	0.2592508280	-0.0268253900
-0.20000	0.3901933500	0.6049893400	0.7186540000	0.9459833300	0.9951826900	-0.2147959900	1.1088473500	-0.3284606500	1.3361766800	-0.5557899800	0.0248824676	0.2494127600	0.0224551800
-0.15000	0.3784878300	0.5978560100	0.7101804700	0.9348293900	0.9763438400	-0.2193681800	1.0886683000	-0.3316926400	1.3133172200	-0.5563415600	-0.0190027582	0.2324143990	0.0639170300
-0.10000	0.3576980900	0.5941436100	0.7057705900	0.9290245500	0.9518417000	-0.2364455200	1.0634686800	-0.3480725000	1.2867226400	-0.5713264600	-0.0694643559	0.2083545940	0.0969356500
-0.05000	0.3279616600	0.5938406300	0.7054106900	0.9285508000	0.9218022900	-0.2658789700	1.0333723500	-0.3774490300	1.2565124600	-0.6005891400	-0.1259838210	0.1774081860	0.1209794300
0.00000	0.2895121600	0.5967382500	0.7088527000	0.9330816200	0.8862504100	-0.3072260900	0.9983648600	-0.4193405400	1.2225937800	-0.6435694600	-0.1879947120	0.1398255670	0.1356206000
0.05000	0.2426768500	0.6024570900	0.7156459900	0.9420238100	0.8451339400	-0.3597802400	0.9583228400	-0.4729691400	1.1847006600	-0.6993469600	-0.2548949370	0.0959309873	0.1405471100
0.10000	0.1878728800	0.6104914900	0.7251898900	0.9545866900	0.7983643700	-0.4226186100	0.9130627700	-0.5373170100	1.1424595700	-0.7667138100	-0.3260589470	0.0461222487	0.1355707300
0.15000	0.1256023500	0.6202622900	0.7367964200	0.9698646800	0.7458646400	-0.4946599400	0.8623987700	-0.6111940700	1.0954670300	-0.8442623300	-0.4008485690	-0.0091310754	0.1206334200
0.20000	0.0564461900	0.6311692500	0.7497525600	0.9869191900	0.6876154400	-0.5747230600	0.8061987500	-0.6933063700	1.0433653800	-0.9304730000	-0.4786248890	-0.0692881070	0.0958125800
0.25000	-0.0189430100	0.6426367400	0.7633745500	1.0048501700	0.6236937300	-0.6615797500	0.7444315400	-0.7823175600	0.9859071600	-1.0237931800	-0.5587581980	-0.1337403890	0.0613225300
0.30000	-0.0998491400	0.6541498200	0.7770507000	1.0228524500	0.5543006800	-0.7539989600	0.6772015600	-0.8768998400	0.9230033100	-1.1227015900	-0.6406364760	-0.2018146970	0.0175128000
0.35000	-0.1855014600	0.6652803300	0.7902723900	1.0402565200	0.4797788700	-0.8507817900	0.6047709300	-0.9757738500	0.8547550600	-1.2257579800	-0.7236722970	-0.2727768760	-0.0351345400
0.40000	-0.2750842500	0.6757043300	0.8026548400	1.0565558700	0.4006200800	-0.9507885800	0.5275705900	-1.0777390900	0.7814716200	-1.3316401200	-0.8073090730	-0.3458382990	-0.0960118800
0.45000	-0.3677470100	0.6852127300	0.8139496600	1.0714235400	0.3174657200	-1.0529597400	0.4462026500	-1.1816966700	0.7036765300	-1.4391705500	-0.8910247910	-0.4201632710	-0.1643958200
0.50000	-0.4626149600	0.6937166400	0.8240512800	1.0847205700	0.2311016800	-1.1563316000	0.3614363200	-1.2866662400	0.6221056100	-1.5473355300	-0.9743330950	-0.4948769500	-0.2394582000
0.55000	-0.5587998100	0.7012486700	0.8329984300	1.0964979300	0.1424488600	-1.2600484800	0.2741986200	-1.3917982400	0.5376981200	-1.6552977400	-1.0567850600	-0.5690763770	-0.3202800100
0.60000	-0.6554106200	0.7079604600	0.8409712100	1.1069927200	0.0525498400	-1.3633710800	0.1855605900	-1.4963818300	0.4515821000	-1.7624033400	-1.1379671100	-0.6418413790	-0.4058688300
0.65000	-0.7515644300	0.7141164600	0.8482837900	1.1166184600	-0.0374479700	-1.4656808900	0.0967193600	-1.5998482200	0.3650540300	-1.8681828900	-1.2174988200	-0.7122478250	-0.4951757300
0.70000	-0.8463967800	0.7200834200	0.8553718200	1.1259486200	-0.1263133600	-1.5664802000	0.0089750400	-1.7017686000	0.2795518400	-1.9723454000	-1.2950291300	-0.7793809190	-0.5871156100
0.75000	-0.9390716000	0.7263146500	0.8627737600	1.1356919900	-0.2127569500	-1.6653862500	-0.0762978400	-1.8018453600	0.1966203900	-2.0747635900	-1.3702326000	-0.8423496710	-0.6805863600
0.80000	-1.0287907500	0.7333283900	0.8711052400	1.1466589400	-0.2954623600	-1.7621191400	-0.1576855100	-1.8998959900	0.1178681900	-2.1754496900	-1.4428041000	-0.9003014300	-0.7744897300
0.85000	-1.1148026600	0.7416800400	0.8810259900	1.1597178800	-0.3731226200	-1.8564827000	-0.2337766700	-1.9958286500	0.0449152200	-2.2745205400	-1.5124546800	-0.9524360470	-0.8677529300
0.90000	-1.1964102700	0.7519287800	0.8932002500	1.1757431800	-0.4444814900	-1.9483390500	-0.3032100200	-2.0896105200	-0.0206670900	-2.3721534500	-1.5789055600	-0.9980195710	-0.9593466600
0.95000	-1.2729779700	0.7646007400	0.9082530000	1.1955575300	-0.5083772300	-2.0375787100	-0.3647249700	-2.1812309700	-0.0774204400	-2.4685355000	-1.6418851300	-1.0363973100	-1.0483054000
1.00000	-1.3439376000	0.7801520300	0.9267260400	1.2198740800	-0.5637855700	-2.1240896300	-0.4172115600	-2.2706636400	-0.1240635200	-2.5638116800	-1.7011251100	-1.0670049700	-1.1337433200
1.05000	-1.4087932900	0.7989358800	0.9490389800	1.2492451900	-0.6098574100	-2.2077291700	-0.4597543100	-2.3578322700	-0.1595481000	-2.6580384800	-1.7563576400	-1.0893788300	-1.2148700000
1.10000	-1.4671252600	0.8211783800	0.9754603800	1.2840243800	-0.6459468800	-2.2883036400	-0.4916648800	-2.4425856400	-0.1831008800	-2.7511496400	-1.8073142800	-1.1031631600	-1.2910027400
1.15000	-1.5185924300	0.8469658200	1.0060927400	1.3243465600	-0.6716266100	-2.3655582500	-0.5124996900	-2.5246851700	-0.1942458700	-2.8429389900	-1.8537255700	-1.1081161100	-1.3615771100
1.20000	-1.5629339100	0.8762447400	1.0408725400	1.3701281400	-0.6866891700	-2.4391786500	-0.5220613700	-2.6038064500	-0.1928057700	-2.9330620500	-1.8953223700	-1.1041132800	-1.4261533700
1.25000	-1.5999692800	0.9088334300	1.0795839600	1.4210850000	-0.6911358500	-2.5088027100	-0.5203853200	-2.6795532400	-0.1788842800	-3.0210542800	-1.9318385000	-1.0911484800	-1.4844208000
1.30000	-1.6295979300	0.9444420000	1.1218826200	1.4767638600	-0.6851559300	-2.5740399300	-0.5077153100	-2.7514805500	-0.1528340700	-3.1063617900	-1.9630137400	-1.0693333200	-1.5361985200
1.35000	-1.6517971900	0.9826970400	1.1673249700	1.5365808300	-0.6691001500	-2.6344942300	-0.4844722200	-2.8191221600	-0.1152163600	-3.1883780200	-1.9885990300	-1.0388935400	-1.5814340500
1.40000	-1.6666195500	1.0231674800	1.2153989500	1.5998618800	-0.6434520700	-2.6897870300	-0.4512206000	-2.8820185000	-0.0667576700	-3.2664814300	-2.0083624000	-1.0001637400	-1.6201977000
1.45000	-1.6741890500	1.0653888800	1.2655528500	1.6658807900	-0.6088001700	-2.7395779300	-0.4086362000	-2.9397419000	-0.0083082600	-3.3400698400	-2.0220947500	-0.9535814030	-1.6526753900
1.50000	-1.6746967400	1.1088844600	1.3172203300	1.7338920700	-0.5658122800	-2.7835812000	-0.3574764100	-2.9919170700	0.0591953300	-3.4085888100	-2.0296169500	-0.8996776140	-1.6791582400
1.55000	-1.6683955500	1.1531823300	1.3698408300	1.8031578200	-0.5152132200	-2.8215778800	-0.2985547200	-3.0382363800	0.1347622700	-3.4715533700	-2.0307868800	-0.8390684230	-1.7000310400
1.60000	-1.6555945200	1.1978286900	1.4228752900	1.8729685000	-0.4577658300	-2.8534232100	-0.2327192300	-3.0784698100	0.2173739800	-3.5285630200	-2.0255069200	-0.7724440490	-1.7157576000
1.65000	-1.6366525900	1.2423976200	1.4758177800	1.9426581000	-0.3942549700	-2.8790502100	-0.1608348100	-3.1124703700	0.3060055100	-3.5793106900	-2.0137290900	-0.7005589110	-1.7268656500
1.70000	-1.6119720400	1.2864978600	1.5282035200	2.0116148300	-0.3254741800	-2.8984699000	-0.0837685200	-3.1401755600	0.3996427900	-3.6235868700	-1.9954629300	-0.6242189010	-1.7339303800
1.75000	-1.5819916500	1.3297771500	1.5796140700	2.0792879000	-0.2522145000	-2.9117688000	-0.0023775800	-3.1616057200	0.4972962500	-3.6612795500	-1.9707791400	-0.5442721160	-1.7375575400
1.80000	-1.5471798300	1.3719247400	1.6296803000	2.1451914100	-0.1752550900	-2.9191045700	0.0825004700	-3.1768601300	0.5980115800	-3.6923712400	-1.9398142100	-0.4615962060	-1.7383660500
1.85000	-1.5080276600	1.4126724000	1.6780835800	2.2089059400	-0.0953552600	-2.9207000600	0.1700559200	-3.1861112400	0.7008782800	-3.7169336000	-1.9027727400	-0.3770886970	-1.7369717900
1.90000	-1.4650420600	1.4517942800	1.7245556200	2.2700783200	-0.0132477800	-2.9168363400	0.2595135600	-3.1895976800	0.8050362600	-3.7351203800	-1.8599292000	-0.2916552110	-1.7339699800
1.95000	-1.4187391900	1.4891058800	1.7688772900	2.3284201000	0.0703666900	-2.9078450700	0.3501381000	-3.1876164800	0.9096809100	-3.7471592900	-1.8116276200	-0.2062016070	-1.7299209800
2.00000	-1.3696380800	1.5244624000	1.8108765500	2.3837048400	0.1548243200	-2.8941004800	0.4412384700	-3.1805146300	1.0140667600	-3.7533429200	-1.7582796100	-0.1216221340	-1.7253355600
2.05000	-1.3182546600	1.5577564700	1.8504258700	2.4357646600	0.2395018100	-2.8760111300	0.5321712100	-3.1686805300	1.1175100000	-3.7540193200	-1.7003612700	-0.0387922261	-1.7206628900
2.10000	-1.2650961400	1.5889155100	1.8874390300	2.4844860700	0.3238193700	-2.8540116500	0.6223428900	-3.1525351700	1.2193899300	-3.7495822100	-1.6384082300	0.0414408960	-1.7162799500
2.15000	-1.2106559700	1.6178987600	1.9218676100	2.5298053300	0.4072427900	-2.8285547300	0.7112116400	-3.1325235800	1.3191493600	-3.7404613000	-1.5730093700	0.1182655680	-1.7124828700
2.20000	-1.1554092400	1.6446940500	1.9536971700	2.5717034200	0.4892848100	-2.8001032900	0.7982879300	-3.1091064100	1.4162941800	-3.7271126600	-1.5047998100	0.1909141000	-1.7094814100
2.25000	-1.0998086100	1.6693144500	1.9829432300	2.6102007800	0.5695058400	-2.7691230600	0.8831346200	-3.0827518400	1.5103921700	-3.7100093900	-1.4344514400	0.2586685000	-1.7073951900
2.30000	-1.0442808600	1.6917947600	2.0096471000	2.6453518000	0.6475139000	-2.7360756200	0.9653662400	-3.0539279600	1.6010709400	-3.6896326600	-1.3626645100	0.3208687120	-1.7062527500
2.35000	-0.9892239400	1.7121879200	2.0338717100	2.6772392900	0.7229639800	-2.7014118600	1.0446477700	-3.0230956500	1.6880153500	-3.6664632300	-1.2901562600	0.3769171730	-1.7059937100
2.40000	-0.9350046300	1.7305615500	2.0556973600	2.7059689800	0.7955569200	-2.6655661800	1.1206927300	-2.9907019900	1.7709643500	-3.6409736100	-1.2176505900	0.4262858390	-1.7064720400
2.45000	-0.8819566800	1.7469944300	2.0752176200	2.7316640100	0.8650377500	-2.6289511100	1.1932609400	-2.9571743000	1.8497073300	-3.6136206900	-1.1458674600	0.4685203300	-1.7074634300
2.50000	-0.8303794900	1.7615730700	2.0925352800	2.7544597000	0.9311935800	-2.5919525600	1.2621557900	-2.9229147700	1.9240802100	-3.5848391900	-1.0755109200	0.5032454850	-1.7086743000
2.55000	-0.7805373200	1.7743885400	2.1077585100	2.7744984400	0.9938512200	-2.5549258600	1.3272211900	-2.8882958300	1.9939611200	-3.5550357600	-1.0072591000	0.5301683960	-1.7097531100
2.60000	-0.7326588800	1.7855333700	2.1209972200	2.7919249100	1.0528744900	-2.5181922500	1.3883383400	-2.8536561000	2.0592660300	-3.5245837900	-0.9417530030	0.5490816420	-1.7103020400
2.65000	-0.6869373800	1.7950987300	2.1323597000	2.8068816500	1.1081613500	-2.4820361100	1.4454223200	-2.8192970800	2.1199442700	-3.4938190300	-0.8795870400	0.5598668870	-1.7098926800
2.70000	-0.6435309100	1.8031718000	2.1419495300	2.8195049900	1.1596408900	-2.4467027100	1.4984186200	-2.7854804400	2.1759740800	-3.4630359000	-0.8212996740	0.5624946420	-1.7080800200
2.75000	-0.6025631700	1.8098334900	2.1498628200	2.8299214600	1.2072703200	-2.4123966600	1.5472996500	-2.7524259900	2.2273582900	-3.4324846300	-0.7673652630	0.5570261820	-1.7044187700
2.80000	-0.5641244500	1.8151564300	2.1561858200	2.8382445900	1.2510319800	-2.3792808800	1.5920613700	-2.7203102700	2.2741201400	-3.4023690400	-0.7181869480	0.5436124780	-1.6984791100
2.85000	-0.5282729000	1.8192032000	2.1609928900	2.8445722700	1.2909303000	-2.3474761000	1.6327199900	-2.6892657900	2.3162993700	-3.3728451700	-0.6740909450	0.5224929240	-1.6898613700
2.90000	-0.4950359000	1.8220250200	2.1643448700	2.8489845800	1.3269891200	-2.3170609200	1.6693089700	-2.6593807700	2.3539486800	-3.3440204800	-0.6353216290	0.4939930660	-1.6782114400
2.95000	-0.4644116700	1.8236606700	2.1662878300	2.8515421400	1.3592490000	-2.2880723400	1.7018761600	-2.6306995000	2.3871304700	-3.3159538100	-0.6020387710	0.4585206570	-1.6632324700
3.00000	-0.4363709400	1.8241357800	2.1668522000	2.8522850400	1.3877648400	-2.2605067200	1.7304812600	-2.6032231400	2.4159141000	-3.2886559800	-0.5743156960	0.4165618790	-1.6446969900
3.05000	-0.4108587400	1.8234624700	2.1660523900	2.8512322200	1.4126037300	-2.2343212100	1.7551936500	-2.5769111300	2.4403734800	-3.2620909600	-0.5521389140	0.3686755910	-1.6224552500
3.10000	-0.3877961900	1.8216393000	2.1638866800	2.8483814500	1.4338431100	-2.2094354900	1.7760904900	-2.5516828700	2.4605852600	-3.2361776400	-0.5354095950	0.3154865960	-1.5964412200
3.15000	-0.3670824400	1.8186515700	2.1603376200	2.8437097200	1.4515691300	-2.1857340100	1.7932551800	-2.5274200600	2.4766272800	-3.2107921600	-0.5239467530	0.2576797370	-1.5666766400
3.20000	-0.3485964900	1.8144719100	2.1553726900	2.8371742600	1.4658754200	-2.1630684000	1.8067762000	-2.5039691800	2.4885777700	-3.1857707500	-0.5174905240	0.1959908560	-1.5332719300
3.25000	-0.3321991100	1.8090612000	2.1489454200	2.8287138700	1.4768620900	-2.1412603100	1.8167463100	-2.4811445300	2.4965147600	-3.1609129800	-0.5157089770	0.1311993190	-1.4964224100
3.30000	-0.3177347100	1.8023697000	2.1409967300	2.8182508000	1.4846349900	-2.1201044100	1.8232620200	-2.4587314400	2.5005160900	-3.1359855100	-0.5182039060	0.0641186099	-1.4564045100
3.35000	-0.3050332600	1.7943385200	2.1314566700	2.8056929600	1.4893052600	-2.0993717800	1.8264234100	-2.4364899300	2.5006597000	-3.1107262200	-0.5245200830	-0.0044131353	-1.4135673000
3.40000	-0.2939121200	1.7849012900	2.1202463800	2.7909365600	1.4909891700	-2.0788134100	1.8263342600	-2.4141585000	2.4970244400	-3.0848486800	-0.5341530540	-0.0735426572	-1.3683220400
3.45000	-0.2841779200	1.7739859700	2.1072803100	2.7738689800	1.4898080500	-2.0581638900	1.8231023900	-2.3914582300	2.4896910600	-3.0580469000	-0.5465602730	-0.1424117140	-1.3211294300
3.50000	-0.2756284100	1.7615169400	2.0924686000	2.7543719400	1.4858885300	-2.0371453500	1.8168401900	-2.3680970100	2.4787435300	-3.0300003500	-0.5611707860	-0.2101668990	-1.2724863300
3.55000	-0.2680543200	1.7474171100	2.0757197200	2.7323249400	1.4793627900	-2.0154714300	1.8076654000	-2.3437740400	2.4642706200	-3.0003792600	-0.5773962660	-0.2759709340	-1.2229093500
3.60000	-0.2612412800	1.7316102500	2.0569430900	2.7076087600	1.4703689700	-1.9928515300	1.7957018100	-2.3181843700	2.4463674800	-2.9688500400	-0.5946425470	-0.3390116030	-1.1729193800
3.65000	-0.2549716000	1.7140232600	2.0360518700	2.6801091000	1.4590516600	-1.9689948600	1.7810802700	-2.2910234700	2.4251375000	-2.9350807000	-0.6123203880	-0.3985126830	-1.1230250400
3.70000	-0.2490262700	1.6945885200	2.0129657600	2.6497202300	1.4455622500	-1.9436147900	1.7639394900	-2.2619920300	2.4006939600	-2.8987465000	-0.6298557990	-0.4537441210	-1.0737075400
3.75000	-0.2431868100	1.6732462400	1.9876137100	2.6163486600	1.4300594300	-1.9164330500	1.7444269000	-2.2308005200	2.3731618500	-2.8595354700	-0.6467006180	-0.5040303710	-1.0254049400
3.80000	-0.2372372400	1.6499466800	1.9599366700	2.5799166300	1.4127094400	-1.8871839200	1.7226994300	-2.1971739100	2.3426793900	-2.8171538700	-0.6623418660	-0.5487608430	-0.9784991100
3.85000	-0.2309660300	1.6246523600	1.9298900700	2.5403655100	1.3936863300	-1.8556183900	1.6989240400	-2.1608561000	2.3093994800	-2.7713315400	-0.6763089230	-0.5873973510	-0.9333036300
3.90000	-0.2241680600	1.5973400200	1.8974463200	2.4976589300	1.3731719600	-1.8215080800	1.6732782600	-2.1216143800	2.2734908700	-2.7218269900	-0.6881817690	-0.6194820670	-0.8900549600
3.95000	-0.2166466500	1.5680025200	1.8625969300	2.4517857600	1.3513558700	-1.7846491700	1.6459502800	-2.0792435800	2.2351391100	-2.6684324100	-0.6975958970	-0.6446445640	-0.8489037700
4.00000	-0.2082154500	1.5366505100	1.8253545400	2.4027626100	1.3284350600	-1.7448659600	1.6171390900	-2.0335699900	2.1945471600	-2.6109780600	-0.7042464790	-0.6626067010	-0.8099118000
4.05000	-0.1987004600	1.5033138500	1.7857546300	2.3506362000	1.3046133900	-1.7020143100	1.5870541700	-1.9844550900	2.1519357400	-2.5493366600	-0.7078906840	-0.6731873360	-0.7730489100
4.10000	-0.1879419100	1.4680428700	1.7438569800	2.2954852100	1.2801009600	-1.6559847800	1.5559150700	-1.9317988900	2.1075433000	-2.4834271200	-0.7083483090	-0.6763049230	-0.7381947000
4.15000	-0.1757961100	1.4309093700	1.6997468900	2.2374219200	1.2551132600	-1.6067054800	1.5239507800	-1.8755430000	2.0616258100	-2.4132180300	-0.7055015150	-0.6719792360	-0.7051401800
4.20000	-0.1621372300	1.3920074700	1.6535361400	2.1765934900	1.2298702400	-1.5541447000	1.4913989100	-1.8156733700	2.0144562600	-2.3387307200	-0.6992921040	-0.6603303200	-0.6735953900
4.25000	-0.1468589200	1.3514542200	1.6053638100	2.1131829700	1.2045953000	-1.4983131400	1.4585048900	-1.7522227300	1.9663240500	-2.2600418900	-0.6897171740	-0.6415763190	-0.6431958000
4.30000	-0.1298758100	1.3093902100	1.5553968500	2.0474101400	1.1795144000	-1.4392660200	1.4255210400	-1.6852726600	1.9175343300	-2.1772859500	-0.6768251070	-0.6160292010	-0.6135125500
4.35000	-0.1111249000	1.2659799900	1.5038307800	1.9795323500	1.1548550900	-1.3771048900	1.3927058800	-1.6149556800	1.8684074500	-2.0906572500	-0.6607077350	-0.5840890740	-0.5840641900
4.40000	-0.0905666000	1.2214127100	1.4508902500	1.9098453300	1.1308461100	-1.3119793100	1.3603236500	-1.5414568500	1.8192787300	-2.0004119300	-0.6414951600	-0.5462352730	-0.5543284800
4.45000	-0.0681857100	1.1759028300	1.3968300200	1.8386844200	1.1077171200	-1.2440885400	1.3286443100	-1.4650157300	1.7704987100	-1.9068701300	-0.6193463970	-0.5030178170	-0.5237560600
4.50000	-0.0439920300	1.1296911500	1.3419361600	1.7664261700	1.0856991200	-1.1736831800	1.2979441300	-1.3859281900	1.7224341400	-1.8104182000	-0.5944424730	-0.4550443500	-0.4917850100
4.55000	-0.0180207300	1.0830464300	1.2865278800	1.6934907800	1.0650257000	-1.1010671600	1.2685071500	-1.3045486100	1.6754700500	-1.7115115100	-0.5669780080	-0.4029689770	-0.4578536000
4.60000	0.0096675900	1.0362675200	1.2309602100	1.6203455800	1.0459351100	-1.0265999300	1.2406278000	-1.2212926200	1.6300131700	-1.6106779900	-0.5371529250	-0.3474767270	-0.4214149800
4.65000	0.0389871600	0.9896864200	1.1756275000	1.5475096700	1.0286735800	-0.9506992600	1.2146146600	-1.1366403400	1.5864968300	-1.5085225100	-0.5051662010	-0.2892700480	-0.3819499700
4.70000	0.0698276100	0.9436721600	1.1209681400	1.4755601000	1.0134997700	-0.8738445500	1.1907957500	-1.0511405300	1.5453877100	-1.4057324900	-0.4712084660	-0.2290520080	-0.3389794200
4.75000	0.1020548800	0.8986356500	1.0674702200	1.4051393800	1.0006905300	-0.7965807700	1.1695251000	-0.9654153400	1.5071942600	-1.3030845000	-0.4354571070	-0.1675126380	-0.2920757900
4.80000	0.1355125000	0.8550350500	1.0156780000	1.3369639000	0.9905475500	-0.7195225500	1.1511905000	-0.8801655000	1.4724764000	-1.2014514000	-0.3980710140	-0.1053123380	-0.2408725600
4.85000	0.1700231300	0.8133811200	0.9661981800	1.2718323000	0.9834042500	-0.6433579900	1.1362213100	-0.7961750500	1.4418554300	-1.1018091700	-0.3591888040	-0.0430688474	-0.1850736400
4.90000	0.2053905000	0.7742410300	0.9197045000	1.2106314300	0.9796315300	-0.5688505300	1.1250950000	-0.7143140000	1.4160219300	-1.0052409300	-0.3189260270	0.0186559072	-0.1244596400
4.95000	0.2414015600	0.7382385100	0.8769378600	1.1543365700	0.9796400700	-0.4968369500	1.1183394200	-0.6355363000	1.3957381300	-0.9129350100	-0.2773757320	0.0793678787	-0.0588936300
5.00000	0.2778289200	0.7060467600	0.8386979700	1.1040003800	0.9838756800	-0.4282178400	1.1165268900	-0.5608690500	1.3818293000	-0.8261714600	-0.2346087800	0.1386484990	0.0116757200
5.05000	0.3144335800	0.6783701600	0.8058215300	1.0607242600	0.9928037400	-0.3639365800	1.1202551100	-0.4913879500	1.3751578400	-0.7462906800	-0.1906777470	0.1961627880	0.0872112800
5.10000	0.3509678200	0.6559107100	0.7791424200	1.0256058400	1.0068785300	-0.3049428900	1.1301102400	-0.4281746000	1.3765736600	-0.6746380200	-0.1456192290	0.2516627070	0.1675881200
5.15000	0.3871781800	0.6393177600	0.7594320000	0.9996604900	1.0264959400	-0.2521395800	1.1466101800	-0.3722538200	1.3868386700	-0.6124823100	-0.0994595735	0.3049893500	0.2525939700
5.20000	0.4228087000	0.6291250100	0.7473242600	0.9837227500	1.0519337100	-0.2063163100	1.1701329600	-0.3245155600	1.4065314500	-0.5609140500	-0.0522197352	0.3560710760	0.3419328500
5.25000	0.4576040500	0.6256860700	0.7432392100	0.9783455000	1.0832901200	-0.1680820200	1.2008432600	-0.2856351600	1.4359495500	-0.5207414500	-0.0039217844	0.4049190320	0.4352286500
5.30000	0.4913128100	0.6291250000	0.7473242500	0.9837227300	1.1204378100	-0.1378121900	1.2386370600	-0.2560114400	1.4750355400	-0.4924099200	0.0454045435	0.4516212600	0.5320308300
5.35000	0.5236906300	0.6393177400	0.7594319800	0.9996604700	1.1630083700	-0.1156271100	1.2831226100	-0.2357413500	1.5233511000	-0.4759698400	0.0957163631	0.4963326710	0.6318207700
5.40000	0.5545032700	0.6559107000	0.7791424100	1.0256058200	1.2104139700	-0.1014074300	1.3336456800	-0.2246391400	1.5801090900	-0.4711025500	0.1469507190	0.5392639640	0.7340205600
5.45000	0.5835296200	0.6783701600	0.8058215200	1.0607242500	1.2618997800	-0.0948405400	1.3893511400	-0.2222919000	1.6442538700	-0.4771946300	0.1990199610	0.5806687080	0.8379995500
5.50000	0.6105643400	0.7060467800	0.8386979900	1.1040004200	1.3166111200	-0.0954824400	1.4492623300	-0.2281336500	1.7145647600	-0.4934360800	0.2518071400	0.6208287670	0.9430852800
5.55000	0.6354204600	0.7382385800	0.8769379500	1.1543366900	1.3736590400	-0.1028181200	1.5123584100	-0.2415174900	1.7897571500	-0.5189162300	0.3051623140	0.6600398540	1.0485714300
5.60000	0.6579315000	0.7742411900	0.9197046900	1.2106316800	1.4321726900	-0.1163096900	1.5776361900	-0.2617731900	1.8685631800	-0.5527001800	0.3589017990	0.6985956230	1.1537283400
5.65000	0.6779534600	0.8133814200	0.9661985300	1.2718327600	1.4913348800	-0.1354279600	1.6441519900	-0.2882450700	1.9497862200	-0.5938793000	0.4128062500	0.7367730060	1.2578132100
5.70000	0.6953663600	0.8550355700	1.0156786100	1.3369647100	1.5504019300	-0.1596692100	1.7110449700	-0.3203122500	2.0323310700	-0.6415983500	0.4666230940	0.7748186540	1.3600785700
5.75000	0.7100754200	0.8986364800	1.0674712200	1.4051406800	1.6087119000	-0.1885610600	1.7775466400	-0.3573958000	2.1152161000	-0.6950652600	0.5200681640	0.8129351930	1.4597830300
5.80000	0.7220119100	0.9436734600	1.1209696900	1.4755621400	1.6656853700	-0.2216615500	1.8429816000	-0.3989577800	2.1975740500	-0.7535502300	0.5728309610	0.8512709280	1.5562004300
5.85000	0.7311335800	0.9896883900	1.1756298400	1.5475127500	1.7208219700	-0.2585548100	1.9067634200	-0.4444962600	2.2786463300	-0.8163791700	0.6245794310	0.8899110490	1.6486276300
5.90000	0.7374247200	1.0362704400	1.2309636800	1.6203501500	1.7736951600	-0.2988457200	1.9683884000	-0.4935389600	2.3577748700	-0.8829254300	0.6749674440	0.9288699350	1.7363938300
5.95000	0.7408958400	1.0830506800	1.2865329300	1.6934974300	1.8239465200	-0.3421548400	2.0274287700	-0.5456370900	2.4343932700	-0.9526015900	0.7236424260	0.9680880950	1.8188670900
6.00000	0.7415829700	1.1296972400	1.3419433900	1.7664356900	1.8712802100	-0.3881142700	2.0835263600	-0.6003604200	2.5080186600	-1.0248527200	0.7702541940	1.0074305700	1.8954620000
6.05000	0.7395466700	1.1759114600	1.3968402800	1.8386979100	1.9154581300	-0.4363647900	2.1363869500	-0.6572936100	2.5782445800	-1.0991512400	0.8144638350	1.0466876600	1.9656451700
6.10000	0.7348706400	1.2214248100	1.4509046200	1.9098642500	1.9562954500	-0.4865541700	2.1857752600	-0.7160339800	2.6447348900	-1.1749936100	0.8559531880	1.0855786400	2.0289406200
6.15000	0.7276601400	1.2659968000	1.5038507400	1.9795586300	1.9936569400	-0.5383366600	2.2315108800	-0.7761906000	2.7072187700	-1.2518984900	0.8944334630	1.1237581600	2.0849346900
6.20000	0.7180401200	1.3094133800	1.5554243800	2.0474463700	2.0274535000	-0.5913732600	2.2734645000	-0.8373842600	2.7654864900	-1.3294062500	0.9296544460	1.1608237800	2.1332799200
6.25000	0.7061531400	1.3514859400	1.6054014800	2.1132325700	2.0576390800	-0.6453328000	2.3115546200	-0.8992483400	2.8193857100	-1.4070794300	0.9614109630	1.1963267600	2.1736969700
6.30000	0.6921571400	1.3920506200	1.6535874000	2.1766609600	2.0842077600	-0.6998934800	2.3457445400	-0.9614302600	2.8688181000	-1.4845038200	0.9895505260	1.2297819000	2.2059774600
6.35000	0.6762231000	1.4309677200	1.6998162100	2.2375131700	2.1071908200	-0.7547446200	2.3760393100	-1.0235931100	2.9137362700	-1.5612900700	1.0139774000	1.2606812600	2.2299860700
6.40000	0.6585326000	1.4681213600	1.7439502200	2.2956079500	2.1266539600	-0.8095887600	2.4024828200	-1.0854176200	2.9541405500	-1.6370753500	1.0346572000	1.2885068400	2.2456598800
6.45000	0.6392754000	1.5034189000	1.7858794200	2.3508004700	2.1426943000	-0.8641435000	2.4251548200	-1.1466040200	2.9900758700	-1.7115250700	1.0516186100	1.3127434600	2.2530091900
6.50000	0.6186470000	1.5367904300	1.8255207500	2.4029814000	2.1554374300	-0.9181434300	2.4441677500	-1.2068737500	3.0216284000	-1.7843344000	1.0649534700	1.3328925400	2.2521162800
6.55000	0.5968462300	1.5681880200	1.8628172800	2.4520758100	2.1650342500	-0.9713417900	2.4596635100	-1.2659710500	3.0489220400	-1.8552295800	1.0748150700	1.3484849200	2.2431334600
6.60000	0.5740730100	1.5975848300	1.8977371300	2.4980417400	2.1716578400	-1.0235118200	2.4718101400	-1.3236641200	3.0721147500	-1.9239687300	1.0814167400	1.3590923600	2.2262812400
6.65000	0.5505261600	1.6249740400	1.9302721900	2.5408685000	2.1755002000	-1.0744478800	2.4807983500	-1.3797460300	3.0913946600	-1.9903423400	1.0850255100	1.3643392100	2.2018443100
6.70000	0.5264014300	1.6503675400	1.9604366000	2.5805747000	2.1767689700	-1.1239661100	2.4868380300	-1.4340351700	3.1069761300	-2.0541732700	1.0859580100	1.3639112000	2.1701680200
6.75000	0.5018896600	1.6737944900	1.9882649700	2.6172059300	2.1756841500	-1.1719048300	2.4901546300	-1.4863753100	3.1190955900	-2.1153162700	1.0845725800	1.3575640500	2.1316531700
6.80000	0.4771752000	1.6952996800	2.0138105300	2.6508322300	2.1724748800	-1.2181244800	2.4909857300	-1.5366353300	3.1280074300	-2.1736570300	1.0812625000	1.3451305600	2.0867510700
6.85000	0.4524344900	1.7149418000	2.0371429800	2.6815453600	2.1673762900	-1.2625073100	2.4895774700	-1.5847084900	3.1339798500	-2.2291108700	1.0764467200	1.3265243100	2.0359565300
6.90000	0.4278349400	1.7327915700	2.0583463500	2.7094559100	2.1606265100	-1.3049566300	2.4861812900	-1.6305114100	3.1372908500	-2.2816209700	1.0705618300	1.3017434500	1.9798010800
6.95000	0.4035340000	1.7489298500	2.0775166800	2.7346903200	2.1524638500	-1.3453958500	2.4810506800	-1.6739826800	3.1382243200	-2.3311563200	1.0640538400	1.2708713300	1.9188464000
7.00000	0.3796784500	1.7634456900	2.0947597300	2.7573878000	2.1431241400	-1.3837672400	2.4744381800	-1.7150812800	3.1370662500	-2.3777093500	1.0573682900	1.2340766000	1.8536752700
7.05000	0.3564040400	1.7764343900	2.1101887300	2.7776974100	2.1328384300	-1.4200303500	2.4665927700	-1.7537846900	3.1341014500	-2.4212933700	1.0509430300	1.1916102900	1.7848846800
7.10000	0.3338351900	1.7879956600	2.1239221200	2.7957750300	2.1218308500	-1.4541604700	2.4577573100	-1.7900869300	3.1296102200	-2.4619398400	1.0451997200	1.1438022900	1.7130771500
7.15000	0.3120850600	1.7982318300	2.1360814400	2.8117806700	2.1103168900	-1.4861467700	2.4481665000	-1.8239963800	3.1238657300	-2.4996956100	1.0405365700	1.0910560900	1.6388524900
7.20000	0.2912557400	1.8072461300	2.1467893500	2.8258757700	2.0985018700	-1.5159903900	2.4380450900	-1.8555336100	3.1171315100	-2.5346200300	1.0373224100	1.0338413500	1.5628000600
7.25000	0.2714386200	1.8151412200	2.1561677500	2.8382208100	2.0865798400	-1.5437026000	2.4276063700	-1.8847291300	3.1096594300	-2.5667821900	1.0358904500	0.9726874700	1.4854922400
7.30000	0.2527150100	1.8220177200	2.1643362000	2.8489731700	2.0747327300	-1.5693027100	2.4170512100	-1.9116211900	3.1016881800	-2.5962581600	1.0365341000	0.9081733500	1.4074774900
7.35000	0.2351568100	1.8279730800	2.1714104400	2.8582851700	2.0631298900	-1.5928162700	2.4065672500	-1.9362536300	3.0934419800	-2.6231283600	1.0395016300	0.8409191450	1.3292739100
7.40000	0.2188273300	1.8331004500	2.1775011300	2.8663025100	2.0519277800	-1.6142731200	2.3963284600	-1.9586738000	3.0851298400	-2.6474751800	1.0449936800	0.7715750270	1.2513656700
7.45000	0.2037822600	1.8374878700	2.1827128700	2.8731628500	2.0412701300	-1.6337056100	2.3864951300	-1.9789306100	3.0769451100	-2.6693805900	1.0531611500	0.7008116780	1.1741991400
7.50000	0.1900706600	1.8412175700	2.1871432900	2.8789947400	2.0312882300	-1.6511469100	2.3772139500	-1.9970726300	3.0690654000	-2.6889240800	1.0641021000	0.6293096110	1.0981801400
7.55000	0.1777359800	1.8443653800	2.1908825100	2.8839167700	2.0221013600	-1.6666294000	2.3686184900	-2.0131465300	3.0616527500	-2.7061807900	1.0778611500	0.5577490130	1.0236740800
7.60000	0.1668172000	1.8470003800	2.1940125800	2.8880369600	2.0138175800	-1.6801831800	2.3608297800	-2.0271953800	3.0548541600	-2.7212197600	1.0944291000	0.4867999420	0.9510054600
7.65000	0.1573498700	1.8491846400	2.1966072100	2.8914523400	2.0065345100	-1.6918347700	2.3539570800	-2.0392573400	3.0488022100	-2.7341024700	1.1137422900	0.4171125820	0.8804601100
7.70000	0.1493672200	1.8509730000	2.1987315700	2.8942487000	2.0003402200	-1.7016057800	2.3480987900	-2.0493643500	3.0436159200	-2.7448814800	1.1356822500	0.3493094850	0.8122874100
7.75000	0.1429011500	1.8524130800	2.2004422000	2.8965004400	1.9953142300	-1.7095119300	2.3433433500	-2.0575410500	3.0394015900	-2.7535992900	1.1600782400	0.2839781250	0.7467054000
7.80000	0.1379832000	1.8535451600	2.2017869800	2.8982706200	1.9915283600	-1.7155619600	2.3397701800	-2.0638037800	3.0362538200	-2.7602874200	1.1867062800	0.2216643790	0.6839041200
7.85000	0.1346455100	1.8544023300	2.2028051900	2.8996109100	1.9890478400	-1.7197568200	2.3374507000	-2.0681596800	3.0342564200	-2.7649654000	1.2152931600	0.1628675240	0.6240520800
7.90000	0.1329215300	1.8550104100	2.2035275200	2.9005617300	1.9879319400	-1.7220888800	2.3364490500	-2.0706059900	3.0334832600	-2.7676402000	1.2455161400	0.1080367180	0.5673022300
7.95000	0.1328468000	1.8553881000	2.2039761600	2.9011522900	1.9882349000	-1.7225413000	2.3368229600	-2.0711293600	3.0339990900	-2.7683054900	1.2770080100	0.0575687520	0.5137964600
8.00000	0.1344594700	1.8555469200	2.2041648300	2.9014006400	1.9900063900	-1.7210874500	2.3386243000	-2.0697053600	3.0358601100	-2.7669411700	1.3093599800	0.0118065636	0.4636730500
8.05000	0.1378008100	1.8554912900	2.2040987500	2.9013136600	1.9932921000	-1.7176904800	2.3418995600	-2.0662979400	3.0391144700	-2.7635128500	1.3421245000	-0.0289592869	0.4170709600
8.10000	0.1429154500	1.8552184500	2.2037746400	2.9008870300	1.9981339000	-1.7123030000	2.3466900900	-2.0608591900	3.0438024800	-2.7579715800	1.3748223500	-0.0644901594	0.3741350200
8.15000	0.1498516300	1.8547183800	2.2031806200	2.9001051000	2.0045700100	-1.7048667500	2.3530322500	-2.0533289900	3.0499567300	-2.7502534700	1.4069474800	-0.0945962338	0.3350192000
8.20000	0.1586611700	1.8539737200	2.2022960600	2.8989407300	2.0126348900	-1.6953125500	2.3609572300	-2.0436348900	3.0576019000	-2.7402795600	1.4379736000	-0.1191323790	0.2998897700
8.25000	0.1693993700	1.8529596200	2.2010914300	2.8973550400	2.0223589900	-1.6835602500	2.3704908000	-2.0316920600	3.0667544100	-2.7279556700	1.4673625900	-0.1379954880	0.2689265000
8.30000	0.1821247400	1.8516435400	2.1995280800	2.8952971700	2.0337682800	-1.6695188000	2.3816528200	-2.0174033400	3.0774219100	-2.7131724300	1.4945728500	-0.1511182870	0.2423225200
8.35000	0.1968985400	1.8499851300	2.1975580900	2.8927040100	2.0468836700	-1.6530865900	2.3944566300	-2.0006595500	3.0896025500	-2.6958054700	1.5190690700	-0.1584655220	0.2202825700
8.40000	0.2137842800	1.8479360100	2.1951239800	2.8894999400	2.0617202900	-1.6341517300	2.4089082600	-1.9813397000	3.1032842200	-2.6757156600	1.5403327100	-0.1600281610	0.2030212100
8.45000	0.2328469400	1.8454396900	2.1921586600	2.8855966100	2.0782866300	-1.6125927500	2.4250056000	-1.9593117200	3.1184435500	-2.6527496700	1.5578727700	-0.1558200750	0.1907576000
8.50000	0.2541521900	1.8424314900	2.1885852800	2.8808928700	2.0965836800	-1.5882793000	2.4427374700	-1.9344330900	3.1350450600	-2.6267406800	1.5712379400	-0.1458729830	0.1837105300
8.55000	0.2777654000	1.8388385200	2.1843172800	2.8752747800	2.1166039200	-1.5610731200	2.4620826800	-1.9065518800	3.1530401800	-2.5975093800	1.5800283500	-0.1302330780	0.1820924100
8.60000	0.3037506000	1.8345798900	2.1792585300	2.8686158300	2.1383304900	-1.5308292900	2.4830091300	-1.8755079300	3.1723664300	-2.5648652300	1.5839073500	-0.1089580410	0.1861013000
8.65000	0.3321692800	1.8295669000	2.1733037200	2.8607773400	2.1617361800	-1.4973976200	2.5054730000	-1.8411344400	3.1929466200	-2.5286080600	1.5826133200	-0.0821158644	0.1959139400
8.70000	0.3630791800	1.8237035800	2.1663387900	2.8516092300	2.1867827600	-1.4606244000	2.5294179700	-1.8032596100	3.2146884100	-2.4885300500	1.5759709200	-0.0497831623	0.2116771500
8.75000	0.3965329400	1.8168872600	2.1582418300	2.8409509900	2.2134202000	-1.4203543200	2.5547747700	-1.7617088900	3.2374839300	-2.4444180500	1.5639013200	-0.0120441585	0.2335006400
8.80000	0.4325767900	1.8090095100	2.1488840300	2.8286330600	2.2415863000	-1.3764327200	2.5814608200	-1.7163072400	3.2612098500	-2.3960562700	1.5464297900	0.0310073663	0.2614485300
8.85000	0.4712490800	1.7999572300	2.1381310100	2.8144785800	2.2712063100	-1.3287081500	2.6093800900	-1.6668819300	3.2857276600	-2.3432295000	1.5236944900	0.0792684637	0.2955335200
8.90000	0.5125789800	1.7896139900	2.1258445000	2.7983055100	2.3021929700	-1.2770350100	2.6384234800	-1.6132655200	3.3108844900	-2.2857265300	1.4959502700	0.1326241890	0.3357105300
8.95000	0.5565850000	1.7778617100	2.1118842200	2.7799292300	2.3344467100	-1.2212767100	2.6684692200	-1.5552992200	3.3365142300	-2.2233442300	1.4635717500	0.1909470190	0.3818725800
9.00000	0.6032736700	1.7645825200	2.0961101500	2.7591654000	2.3678561900	-1.1613088500	2.6993838200	-1.4928364800	3.3624390700	-2.1558917300	1.4270529600	0.2540936140	0.4338473800
9.05000	0.6526382500	1.7496609200	2.0783850900	2.7358334400	2.4022991700	-1.0970226700	2.7310233400	-1.4257468400	3.3884716900	-2.0831951900	1.3870050400	0.3219038150	0.4913963400
9.10000	0.7046574800	1.7329861600	2.0585775000	2.7097601700	2.4376436400	-1.0283286800	2.7632349800	-1.3539200200	3.4144176500	-2.0051026900	1.3441500400	0.3941982790	0.5542151100
9.15000	0.7592944500	1.7144548800	2.0365645800	2.6807839900	2.4737493300	-0.9551604300	2.7958590300	-1.2772701300	3.4400784400	-1.9214895400	1.2993117700	0.4707776680	0.6219360000
9.20000	0.8164955700	1.6939739200	2.0122356900	2.6487592200	2.5104694900	-0.8774783500	2.8287312600	-1.1957401200	3.4652547900	-1.8322636500	1.2534048400	0.5514207260	0.6941323400
9.25000	0.8761897400	1.6714633000	1.9854958000	2.6135608000	2.5476530400	-0.7952735600	2.8616855400	-1.1093060600	3.4897505400	-1.7373710600	1.2074194600	0.6358855190	0.7703247900
9.30000	0.9382875300	1.6468593300	1.9562692700	2.5750891400	2.5851468600	-0.7085718000	2.8945568000	-1.0179817400	3.5133766700	-1.6368016100	1.1624046200	0.7239084340	0.8499892200
9.35000	1.0026807000	1.6201178100	1.9245035800	2.5332751300	2.6227985100	-0.6174371100	2.9271842800	-0.9218228800	3.5359558300	-1.5305944300	1.1194482500	0.8152055560	0.9325661100
9.40000	1.0692417800	1.5912172500	1.8901732100	2.4880851500	2.6604590300	-0.5219754700	2.9594149900	-0.8209314300	3.5573269300	-1.4188433700	1.0796568300	0.9094739670	1.0174709300
9.45000	1.1378239000	1.5601620700	1.8532834300	2.4395261500	2.6979859700	-0.4223381700	2.9911073300	-0.7154595300	3.5773500500	-1.3017022500	1.0441315100	1.0063935100	1.1041066400
9.50000	1.2082608000	1.5269857800	1.8138740200	2.3876505000	2.7352465800	-0.3187249800	3.0221348200	-0.6056132200	3.5959113000	-1.1793897000	1.0139461500	1.1056294000	1.1918743500
9.55000	1.2803670500	1.4917539500	1.7720228700	2.3325607200	2.7721210000	-0.2113869000	3.0523899200	-0.4916558200	3.6129277700	-1.0521936700	0.9901233760	1.2068334300	1.2801868700
9.60000	1.3539385200	1.4545670100	1.7278492900	2.2744138600	2.8085055300	-0.1006284900	3.0817878100	-0.3739107700	3.6283523800	-0.9204753400	0.9736104640	1.3096474300	1.3684802500
9.65000	1.4287530300	1.4155627800	1.6815170000	2.2134254400	2.8443158100	0.0131902500	3.1102700300	-0.2527639700	3.6421784700	-0.7846724100	0.9652591520	1.4137050400	1.4562254000
9.70000	1.5045711900	1.3749186700	1.6332367200	2.1498728200	2.8794898600	0.1296525200	3.1378079100	-0.1286655300	3.6544440100	-0.6453016300	0.9658035540	1.5186334600	1.5429383500
9.75000	1.5811375200	1.3328533000	1.5832681600	2.0840978900	2.9139908200	0.2482842200	3.1644056800	-0.0021306400	3.6652354100	-0.5029603700	0.9758427760	1.6240547900	1.6281893500
9.80000	1.6581816700	1.2896276700	1.5319213500	2.0165087200	2.9478093400	0.3685540000	3.1901030200	0.1262603200	3.6746903900	-0.3583270500	0.9958258730	1.7295878100	1.7116100100
9.85000	1.7354199400	1.2455454200	1.4795569800	1.9475801000	2.9809653600	0.4898745200	3.2149769200	0.2558629600	3.6830000400	-0.2121601600	1.0260377100	1.8348479400	1.7928987200
9.90000	1.8125568800	1.2009521700	1.4265856100	1.8778524900	3.0135090500	0.6116047100	3.2391424900	0.3859712700	3.6904093700	-0.0652956100	1.0665917100	1.9394477600	1.8718240800
9.95000	1.8892870700	1.1562335700	1.3734653300	1.8079288500	3.0455206400	0.7330535000	3.2627524000	0.5158217400	3.6972159200	0.0813582200	1.1174247200	2.0429967400	1.9482247100
10.00000	1.9652971100	1.1118115800	1.3206973900	1.7384690200	3.0771086900	0.8534855300	3.2859945000	0.6445997200	3.7037661300	0.2268280900	1.1782937000	2.1451004100	2.0220090100
10.05000	2.0402676100	1.0681387100	1.2688193200	1.6701805300	3.1084063200	0.9721289000	3.3090869300	0.7714482900	3.7104481400	0.3700870800	1.2487798800	2.2453601900	2.0931508400
10.10000	2.1138753700	1.0256894900	1.2183947900	1.6038053800	3.1395648600	1.0881858800	3.3322701600	0.8954805800	3.7176807500	0.5100699900	1.3282939700	2.3433723400	2.1616827700
10.15000	2.1857956200	0.9849486600	1.1699996200	1.5401015500	3.1707442800	1.2008469600	3.3557952400	1.0157960000	3.7258971700	0.6456940700	1.4160864200	2.4387272000	2.2276898400
10.20000	2.2557042700	0.9463957000	1.1242033800	1.4798187300	3.2020999700	1.3093085700	3.3799076500	1.1315008900	3.7355230000	0.7758855400	1.5112595900	2.5310101200	2.2912981500
10.25000	2.3232802600	0.9104853700	1.0815462500	1.4236680300	3.2337656300	1.4127948900	3.4048265100	1.2417340100	3.7469482900	0.8996122300	1.6127838400	2.6198001200	2.3526653400
10.30000	2.3882078700	0.8776248800	1.0425119800	1.3722861800	3.2658327500	1.5105829900	3.4307198500	1.3456958900	3.7604940500	1.0159216900	1.7195156700	2.7046726800	2.4119686600
10.35000	2.4501790000	0.8481488900	1.0074980800	1.3261964500	3.2983278900	1.6020301100	3.4576770800	1.4426809200	3.7763754500	1.1239825500	1.8302176300	2.7852001400	2.4693921100
10.40000	2.5088954700	0.8222947300	0.9767864700	1.2857699400	3.3311902000	1.6866007400	3.4856819400	1.5321090000	3.7946654100	1.2231255300	1.9435802700	2.8609548300	2.5251147500
10.45000	2.5640712100	0.8001812800	0.9505183700	1.2511925500	3.3642524900	1.7638899300	3.5145895800	1.6135528400	3.8152637600	1.3128786600	2.0582439000	2.9315123900	2.5792990200
10.50000	2.6154343900	0.7817953000	0.9286780600	1.2224435600	3.3972296900	1.8336390900	3.5441124500	1.6867563300	3.8378779500	1.3929908300	2.1728215900	2.9964566800	2.6320795500
10.55000	2.6627294400	0.7669885700	0.9110894500	1.1992912200	3.4297180100	1.8957408700	3.5738188900	1.7516399900	3.8620206600	1.4634382200	2.2859216000	3.0553836700	2.6835534800
10.60000	2.7057189800	0.7554877400	0.8974278600	1.1813081000	3.4612067200	1.9502312400	3.6031468400	1.8082911200	3.8870270800	1.5244108800	2.3961697000	3.1079081800	2.7337729000
10.65000	2.7441855800	0.7469164200	0.8872461700	1.1679056700	3.4911020000	1.9972691600	3.6314317500	1.8569394100	3.9120912500	1.5762799100	2.5022282500	3.1536695900	2.7827379100
10.70000	2.7779333800	0.7408268700	0.8800125300	1.1583838300	3.5187602500	2.0371065100	3.6579459100	1.8979208500	3.9363172100	1.6195495500	2.6028175800	3.1923389000	2.8303930200
10.75000	2.8067895600	0.7367370600	0.8751543200	1.1519888600	3.5435266200	2.0700525000	3.6819438800	1.9316352400	3.9587784200	1.6548007000	2.6967320600	3.2236249500	2.8766253200
10.80000	2.8306056700	0.7341685500	0.8721032500	1.1479726400	3.5647742200	2.0964371200	3.7027089200	1.9585024200	3.9785783100	1.6826330300	2.7828553400	3.2472813100	2.9212641200
10.85000	2.8492586900	0.7326814200	0.8703367100	1.1456473100	3.5819401100	2.1165772700	3.7195954000	1.9789219800	3.9949060000	1.7036113800	2.8601740700	3.2631133500	2.9640838800
10.90000	2.8626519600	0.7319036500	0.8694128200	1.1444311700	3.5945556100	2.1307483100	3.7320647800	1.9932391400	4.0070831300	1.7182207900	2.9277883900	3.2709830800	3.0048085800
10.95000	2.8707159300	0.7315538500	0.8689973000	1.1438842100	3.6022697800	2.1391620800	3.7397132300	2.0017186300	4.0146001400	1.7268317200	2.9849207900	3.2708149300	3.0431177000
11.00000	2.8734086500	0.7314570300	0.8688822900	1.1437328100	3.6048656800	2.1419516200	3.7422909400	2.0045263600	4.0171414600	1.7296758400	3.0309214700	3.2626008800	3.0786540500
11.05000	2.8707161000	0.7315538500	0.8689973000	1.1438842100	3.6022699500	2.1391622500	3.7397134000	2.0017188000	4.0146003100	1.7268318900	3.0652735300	3.2464029900	3.1110327900
11.10000	2.8626522800	0.7319036500	0.8694128200	1.1444311700	3.5945559300	2.1307486300	3.7320651000	1.9932394600	4.0070834500	1.7182211100	3.0875934200	3.2223568900	3.1398509600
11.15000	2.8492591200	0.7326814200	0.8703367100	1.1456473100	3.5819405400	2.1165777000	3.7195958300	1.9789224100	3.9949064300	1.7036118100	3.0976323700	3.1906722900	3.1646983300
11.20000	2.8306061600	0.7341685500	0.8721032500	1.1479726400	3.5647747100	2.0964376100	3.7027094100	1.9585029100	3.9785788000	1.6826335200	3.0952739800	3.1516331600	3.1851671800
11.25000	2.8067900200	0.7367370600	0.8751543200	1.1519888600	3.5435270800	2.0700529600	3.6819443400	1.9316357000	3.9587788800	1.6548011600	3.0805307300	3.1055973000	3.2008625800
11.30000	2.7779336800	0.7408268700	0.8800125300	1.1583838300	3.5187605500	2.0371068100	3.6579462100	1.8979211500	3.9363175100	1.6195498500	3.0535409300	3.0529930000	3.2114126400
11.35000	2.7441856000	0.7469164200	0.8872461700	1.1679056700	3.4911020200	1.9972691800	3.6314317700	1.8569394300	3.9120912700	1.5762799300	3.0145624500	2.9943159900	3.2164758800
11.40000	2.7057185200	0.7554877400	0.8974278600	1.1813081000	3.4612062600	1.9502307800	3.6031463800	1.8082906600	3.8870266200	1.5244104200	2.9639662200	2.9301236500	3.2157499600
11.45000	2.6627282700	0.7669885700	0.9110894500	1.1992912200	3.4297168400	1.8957397000	3.5738177200	1.7516388200	3.8620194900	1.4634370500	2.9022304000	2.8610306200	3.2089774600
11.50000	2.6154322100	0.7817953000	0.9286780600	1.2224435600	3.3972275100	1.8336369100	3.5441102700	1.6867541500	3.8378757700	1.3929886500	2.8299326600	2.7876985500	3.1959501400
11.55000	2.5640676600	0.8001812800	0.9505183700	1.2511925500	3.3642489400	1.7638863800	3.5145860300	1.6135492900	3.8152602100	1.3128751100	2.7477427100	2.7108312000	3.1765128700
11.60000	2.5088900900	0.8222947300	0.9767864700	1.2857699400	3.3311848200	1.6865953600	3.4856765600	1.5321036200	3.7946600300	1.2231201500	2.6564141800	2.6311620300	3.1505644300
11.65000	2.4501712200	0.8481488900	1.0074980800	1.3261964500	3.2983201100	1.6020223300	3.4576693000	1.4426731400	3.7763676700	1.1239747700	2.5567769100	2.5494459700	3.1180584100
11.70000	2.3881969900	0.8776248800	1.0425119800	1.3722861800	3.2658218700	1.5105721100	3.4307089700	1.3456850100	3.7604831700	1.0159108100	2.4497284900	2.4664470700	3.0790000600
11.75000	2.3232654100	0.9104853700	1.0815462500	1.4236680300	3.2337507800	1.4127800400	3.4048116600	1.2417191600	3.7469334400	0.8995973800	2.3362265600	2.3829274000	3.0334452700
11.80000	2.2556843800	0.9463957000	1.1242033800	1.4798187300	3.2020800800	1.3092886800	3.3798877600	1.1314810000	3.7355031100	0.7758656500	2.2172787600	2.2996357800	2.9814945600
11.85000	2.1857693700	0.9849486600	1.1699996300	1.5401015500	3.1707180300	1.2008207100	3.3557690000	1.0157697400	3.7258709200	0.6456678200	2.0939358900	2.2172939000	2.9232888300
11.90000	2.1138411600	1.0256894900	1.2183947900	1.6038053900	3.1395306500	1.0881516700	3.3322359500	0.8954463700	3.7176465500	0.5100357700	1.9672801500	2.1365852100	2.8590028900
11.95000	2.0402234500	1.0681387200	1.2688193200	1.6701805400	3.1083621700	0.9720847300	3.3090427700	0.7714041300	3.7104039900	0.3700429100	1.8384179200	2.0581432600	2.7888387400
12.00000	1.9652405900	1.1118115800	1.3206974000	1.7384690200	3.0770521700	0.8534290100	3.2859379900	0.6445431900	3.7037096100	0.2267715700	1.7084680300	1.9825393800	2.7130173200
12.05000	1.8892152300	1.1562335700	1.3734653400	1.8079288600	3.0454488000	0.7329816600	3.2626805700	0.5157498900	3.6971440900	0.0812863700	1.5785514500	1.9102730900	2.6317718800
12.10000	1.8124661300	1.2009521800	1.4265856200	1.8778525000	3.0134183100	0.6115139500	3.2390517500	0.3858805100	3.6903186300	-0.0653863700	1.4497806600	1.8417621300	2.5453405800
12.15000	1.7353059400	1.2455454300	1.4795569900	1.9475801200	2.9808513700	0.4897605100	3.2148629300	0.2557489500	3.6828860600	-0.2122741800	1.3232464900	1.7773348600	2.4539579600
12.20000	1.6580391400	1.2896276800	1.5319213700	2.0165087400	2.9476668200	0.3684114600	3.1899605100	0.1261177700	3.6745478800	-0.3584696000	1.2000069500	1.7172250500	2.3578483800
12.25000	1.5809601100	1.3328533200	1.5832681900	2.0840979300	2.9138134300	0.2481067900	3.1642283000	-0.0023080800	3.6650580400	-0.5031378200	1.0810741700	1.6615661700	2.2572207500
12.30000	1.5043512600	1.3749187000	1.6332367600	2.1498728800	2.8792699600	0.1294325600	3.1375880200	-0.1288855000	3.6542241400	-0.6455216200	0.9674015280	1.6103908500	2.1522613100
12.35000	1.4284813900	1.4155628400	1.6815170700	2.2134255300	2.8440442300	0.0129185500	3.1099984600	-0.2530356800	3.6419069200	-0.7849441400	0.8598703050	1.5636308800	2.0431301200
12.40000	1.3536041800	1.4545670900	1.7278493900	2.2744139900	2.8081712700	-0.1009629100	3.0814535700	-0.3742452100	3.6280181700	-0.9208098100	0.7592768300	1.5211199800	1.9299576900
12.45000	1.2799568900	1.4917540700	1.7720230200	2.3325609100	2.7717109600	-0.2117971800	3.0519799100	-0.4920661300	3.6125178000	-1.0526040200	0.6663208220	1.4826004100	1.8128423300
12.50000	1.2077592100	1.5269859600	1.8138742300	2.3876507700	2.7347451700	-0.3192267500	3.0216334400	-0.6061150200	3.5954099800	-1.1798915600	0.5815932410	1.4477295500	1.6918504800
12.55000	1.1372123700	1.5601623300	1.8532837300	2.4395265500	2.6973747000	-0.4229499600	2.9904961000	-0.7160713600	3.5767389200	-1.3023141800	0.5055671960	1.4160911500	1.5670157200
12.60000	1.0684984000	1.5912176200	1.8901736500	2.4880857300	2.6597160200	-0.5227192200	2.9586720500	-0.8216752500	3.5565841300	-1.4195873300	0.4385877140	1.3872073300	1.4383431800
12.65000	1.0017796200	1.6201183400	1.9245042200	2.5332759600	2.6218979600	-0.6183387200	2.9262838400	-0.9227246000	3.5350555800	-1.5314963400	0.3808665030	1.3605533500	1.3058119600
12.70000	0.9371983500	1.6468601000	1.9562701800	2.5750903400	2.5840584500	-0.7096617500	2.8934685300	-1.0190718300	3.5122886900	-1.6378919900	0.3324774470	1.3355727100	1.1693803800
12.75000	0.8748768200	1.6714644000	1.9854971000	2.6135625100	2.5463412200	-0.7965875800	2.8603739200	-1.1106202800	3.4884393300	-1.7386856900	0.2933546190	1.3116943600	1.0289931600
12.80000	0.8149172700	1.6939754800	2.0122375400	2.6487616600	2.5088927500	-0.8790582100	2.8271548100	-1.1973202700	3.4636789300	-1.8338443900	0.2632942840	1.2883501300	0.8845886300
12.85000	0.7574022100	1.7144571000	2.0365672200	2.6807874600	2.4718593100	-0.9570548900	2.7939694300	-1.2791650100	3.4381896700	-1.9233852500	0.2419583940	1.2649920000	0.7361068500
12.90000	0.7023949200	1.7329893000	2.0585812300	2.7097650800	2.4353842200	-1.0305943800	2.7609761500	-1.3561863100	3.4121600000	-2.0073701600	0.2288826160	1.2411096200	0.5835005800
12.95000	0.6499400700	1.7496653500	2.0783903500	2.7358403600	2.3996054200	-1.0997252800	2.7283304200	-1.4284502800	3.3857804300	-2.0859002900	0.2234869480	1.2162460900	0.4267433000
13.00000	0.6000644800	1.7645887400	2.0961175300	2.7591751200	2.3646532200	-1.1645242600	2.6961820100	-1.4960530500	3.3592396000	-2.1591106400	0.2250888310	1.1900127200	0.2658400500
13.05000	0.5527780700	1.7778704000	2.1118945400	2.7799428100	2.3306484700	-1.2250923300	2.6646726100	-1.5591164700	3.3327208800	-2.2271647400	0.2329197420	1.1621025100	0.1008372600
13.10000	0.5080748100	1.7896260800	2.1258588600	2.7983244200	2.2977008900	-1.2815512700	2.6339336700	-1.6177840500	3.3063992300	-2.2902496100	0.2461431740	1.1323001300	-0.0681687600
13.15000	0.4659339100	1.7999739800	2.1381509100	2.8145047700	2.2659078900	-1.3340400700	2.6040848200	-1.6722170000	3.2804386800	-2.3485708600	0.2638752910	1.1004900800	-0.2410238400
13.20000	0.4263209800	1.8090326200	2.1489114800	2.8286691900	2.2353536000	-1.3827116400	2.5752324600	-1.7225905000	3.2549901700	-2.4023482100	0.2852056680	1.0666622300	-0.4175079200
13.25000	0.3891892800	1.8169190000	2.1582795400	2.8410006200	2.2061082800	-1.4277297200	2.5474688200	-1.7690902600	3.2301899000	-2.4518113400	0.3092201330	1.0309132300	-0.5973315500
13.30000	0.3544810000	1.8237469700	2.1663903500	2.8516770900	2.1782279700	-1.4692659700	2.5208713500	-1.8119093500	3.2061580900	-2.4971960900	0.3350222230	0.9934456400	-0.7801304700
13.35000	0.3221285600	1.8296259600	2.1733738700	2.8608696900	2.1517545200	-1.5074974000	2.4955024300	-1.8512453100	3.1829982500	-2.5387411300	0.3617540100	0.9545634590	-0.9654654300
13.40000	0.2920559700	1.8346598900	2.1793535600	2.8687409100	2.1267158600	-1.5426039200	2.4714095300	-1.8872975900	3.1607968800	-2.5766849400	0.3886161160	0.9146649930	-1.1528228200
13.45000	0.2641800500	1.8389463700	2.1844453900	2.8754434200	2.1031264200	-1.5747663200	2.4486254400	-1.9202653400	3.1396234700	-2.6112633700	0.4148848780	0.8742314340	-1.3416167200
13.50000	0.2384117200	1.8425761800	2.1887571600	2.8811191200	2.0809879000	-1.6041644600	2.4271688800	-1.9503454400	3.1195308400	-2.6427074000	0.4399273980	0.8338150030	-1.5311947800
