x	mu	sample1	sample2	sample3	sample4	sample5
-2.0000000000	0.0000000000	-4.6006670000	-1.7222843900	0.3090410800	0.9443738980	-4.3756033200
-1.9500000000	0.0000000000	-4.6056979000	-1.7275260700	0.2762601660	0.7942658660	-4.4054519600
-1.9000000000	0.0000000000	-4.6089629700	-1.7268933700	0.2470601010	0.6437860970	-4.4337525400
-1.8500000000	0.0000000000	-4.6104276100	-1.7203993100	0.2216081840	0.4933189320	-4.4600825300
-1.8000000000	0.0000000000	-4.6100544800	-1.7081007500	0.2000621250	0.3432375240	-4.4840172500
-1.7500000000	0.0000000000	-4.6077997300	-1.6900935400	0.1825741290	0.1938949690	-4.5051278900
-1.7000000000	0.0000000000	-4.6036206000	-1.6665182200	0.1692831130	0.0456258324	-4.5229882400
-1.6500000000	0.0000000000	-4.5974687600	-1.6375552300	0.1603158430	-0.1012556140	-4.5371761300
-1.6000000000	0.0000000000	-4.5892954600	-1.6034243400	0.1557844390	-0.2464592300	-4.5472783700
-1.5500000000	0.0000000000	-4.5790513900	-1.5643848100	0.1557831870	-0.3897166240	-4.5528947500
-1.5000000000	0.0000000000	-4.5666880800	-1.5207329800	0.1603883480	-0.5307845980	-4.5536405700
-1.4500000000	0.0000000000	-4.5521585600	-1.4727988000	0.1696557300	-0.6694418520	-4.5491508600
-1.4000000000	0.0000000000	-4.5354178400	-1.4209437400	0.1836163420	-0.8054921190	-4.5390834000
-1.3500000000	0.0000000000	-4.5164237800	-1.3655570100	0.2022772060	-0.9387605460	-4.5231232800
-1.3000000000	0.0000000000	-4.4951381300	-1.3070543400	0.2256185600	-1.0690957000	-4.5009832300
-1.2500000000	0.0000000000	-4.4715269700	-1.2458713600	0.2535913930	-1.1963647700	-4.4724088700
-1.2000000000	0.0000000000	-4.4455624000	-1.1824607900	0.2861171530	-1.3204549500	-4.4371803000
-1.1500000000	0.0000000000	-4.4172202500	-1.1172878500	0.3230857050	-1.4412688300	-4.3951158900
-1.1000000000	0.0000000000	-4.3864839600	-1.0508274700	0.3643538860	-1.5587251800	-4.3460710900
-1.0500000000	0.0000000000	-4.3533434100	-0.9835569710	0.4097468600	-1.6727543700	-4.2899445900
-1.0000000000	0.0000000000	-4.3177946700	-0.9159529980	0.4590539410	-1.7832975600	-4.2266759700
-0.9500000000	0.0000000000	-4.2798404900	-0.8484887420	0.5120337070	-1.8903035200	-4.1562496100
-0.9000000000	0.0000000000	-4.2394927200	-0.7816252970	0.5684101520	-1.9937273000	-4.0786931500
-0.8500000000	0.0000000000	-4.1967691100	-0.7158115520	0.6278753910	-2.0935266800	-3.9940806400
-0.8000000000	0.0000000000	-4.1516951000	-0.6514772270	0.6900899970	-2.1896613000	-3.9025302300
-0.7500000000	0.0000000000	-4.1043049900	-0.5890298700	0.7546866410	-2.2820901700	-3.8042057200
-0.7000000000	0.0000000000	-4.0546398400	-0.5288516320	0.8212695280	-2.3707702300	-3.6993154600
-0.6500000000	0.0000000000	-4.0027492200	-0.4712956190	0.8894193050	-2.4556551800	-3.5881116500
-0.6000000000	0.0000000000	-3.9486899500	-0.4166818330	0.9586937140	-2.5366935600	-3.4708880700
-0.5500000000	0.0000000000	-3.8925264100	-0.3652963340	1.0286332200	-2.6138284000	-3.3479810500
-0.5000000000	0.0000000000	-3.8343306800	-0.3173888310	1.0987624800	-2.6869979000	-3.2197656200
-0.4500000000	0.0000000000	-3.7741824800	-0.2731694420	1.1685962900	-2.7561327000	-3.0866551000
-0.4000000000	0.0000000000	-3.7121688600	-0.2328084580	1.2376421800	-2.8211583100	-2.9490974700
-0.3500000000	0.0000000000	-3.6483837600	-0.1964366630	1.3054056700	-2.8819949400	-2.8075748100
-0.3000000000	0.0000000000	-3.5829274400	-0.1641430400	1.3713947600	-2.9385585600	-2.6625986300
-0.2500000000	0.0000000000	-3.5159069600	-0.1359761550	1.4351244800	-2.9907623800	-2.5147094600
-0.2000000000	0.0000000000	-3.4474351200	-0.1119434790	1.4961223600	-3.0385166800	-2.3644718300
-0.1500000000	0.0000000000	-3.3776304700	-0.0920149300	1.5539315700	-3.0817327700	-2.2124727300
-0.1000000000	0.0000000000	-3.3066163600	-0.0761211285	1.6081174600	-3.1203243200	-2.0593178200
-0.0500000000	0.0000000000	-3.2345205100	-0.0641569182	1.6582711500	-3.1542073400	-1.9056290400
0.0000000000	0.0000000000	-3.1614745100	-0.0559835612	1.7040137100	-3.1833067400	-1.7520403400
0.0500000000	0.0000000000	-3.0876124700	-0.0514302819	1.7450003400	-3.2075533000	-1.5991945600
0.1000000000	0.0000000000	-3.0130702900	-0.0502969823	1.7809243700	-3.2268908400	-1.4477418200
0.1500000000	0.0000000000	-2.9379859000	-0.0523574590	1.8115204000	-3.2412746800	-1.2983335400
0.2000000000	0.0000000000	-2.8624966700	-0.0573618799	1.8365667200	-3.2506768900	-1.1516224400
0.2500000000	0.0000000000	-2.7867387900	-0.0650411290	1.8558887600	-3.2550851600	-1.0082557300
0.3000000000	0.0000000000	-2.7108463600	-0.0751077306	1.8693601800	-3.2545081900	-0.8688745400
0.3500000000	0.0000000000	-2.6349503700	-0.0872607379	1.8769037400	-3.2489736700	-0.7341102500
0.4000000000	0.0000000000	-2.5591778200	-0.1011887670	1.8784933400	-3.2385326400	-0.6045802900
0.4500000000	0.0000000000	-2.4836494500	-0.1165722650	1.8741525100	-3.2232587200	-0.4808862100
0.5000000000	0.0000000000	-2.4084792100	-0.1330867070	1.8639562800	-3.2032492600	-0.3636099800
0.5500000000	0.0000000000	-2.3337730400	-0.1504066760	1.8480271900	-3.1786264200	-0.2533114000
0.6000000000	0.0000000000	-2.2596278400	-0.1682067500	1.8265360200	-3.1495363200	-0.1505254400
0.6500000000	0.0000000000	-2.1861299900	-0.1861662430	1.7996980700	-3.1161488700	-0.0557592600
0.7000000000	0.0000000000	-2.1133551000	-0.2039684050	1.7677708100	-3.0786566400	0.0305119900
0.7500000000	0.0000000000	-2.0413665100	-0.2213077160	1.7310520500	-3.0372755500	0.1078442100
0.8000000000	0.0000000000	-1.9702146300	-0.2378869150	1.6898735700	-2.9922417400	0.1758317000
0.8500000000	0.0000000000	-1.8999366300	-0.2534203030	1.6445978600	-2.9438094400	0.2341046000
0.9000000000	0.0000000000	-1.8305560900	-0.2676376990	1.5956157800	-2.8922511300	0.2823360200
0.9500000000	0.0000000000	-1.7620819700	-0.2802829090	1.5433385500	-2.8378531800	0.3202398400
1.0000000000	0.0000000000	-1.6945098100	-0.2911159390	1.4881944100	-2.7809137200	0.3475765900
1.0500000000	0.0000000000	-1.6278206900	-0.2999147480	1.4306229700	-2.7217406400	0.3641530600
1.1000000000	0.0000000000	-1.5619822900	-0.3064749260	1.3710706800	-2.6606484000	0.3698237700
1.1500000000	0.0000000000	-1.4969490900	-0.3106104140	1.3099841900	-2.5979529600	0.3644952800
1.2000000000	0.0000000000	-1.4326633500	-0.3121556970	1.2478058900	-2.5339729100	0.3481238700
1.2500000000	0.0000000000	-1.3690557000	-0.3109633070	1.1849693500	-2.4690217500	0.3207199300
1.3000000000	0.0000000000	-1.3060470300	-0.3069063100	1.1218923400	-2.4034092200	0.2823467300
1.3500000000	0.0000000000	-1.2435487700	-0.2998774380	1.0589741300	-2.3374330800	0.2331215300
1.4000000000	0.0000000000	-1.1814653000	-0.2897899850	0.9965906600	-2.2713809900	0.1732166900
1.4500000000	0.0000000000	-1.1196945600	-0.2765757280	0.9350896030	-2.2055249400	0.1028579100
1.5000000000	0.0000000000	-1.0581313100	-0.2601864970	0.8747871430	-2.1401197500	0.0223263600
1.5500000000	0.0000000000	-0.9966669200	-0.2405937620	0.8159646620	-2.0754002500	-0.0680447300
1.6000000000	0.0000000000	-0.9351936900	-0.2177874370	0.7588665190	-2.0115792800	-0.1678694600
1.6500000000	0.0000000000	-0.8736034800	-0.1917757340	0.7036969960	-1.9488461600	-0.2767109100
1.7000000000	0.0000000000	-0.8117931500	-0.1625854720	0.6506189840	-1.8873651900	-0.3940841600
1.7500000000	0.0000000000	-0.7496641200	-0.1302606020	0.5997529710	-1.8272738400	-0.5194568800
1.8000000000	0.0000000000	-0.6871247100	-0.0948622134	0.5511747720	-1.7686826700	-0.6522536000
1.8500000000	0.0000000000	-0.6240931900	-0.0564681311	0.5049177360	-1.7116760900	-0.7918583500
1.9000000000	0.0000000000	-0.5604970400	-0.0151719128	0.4609712090	-1.6563090600	-0.9376171100
1.9500000000	0.0000000000	-0.4962773100	0.0289178546	0.4192823970	-1.6026104800	-1.0888436600
2.0000000000	0.0000000000	-0.4313875200	0.0756779607	0.3797559160	-1.5505836600	-1.2448216800
2.0500000000	0.0000000000	-0.3657967900	0.1249716790	0.3422578370	-1.5002055300	-1.4048119800
2.1000000000	0.0000000000	-0.2994891500	0.1766482520	0.3066153190	-1.4514298200	-1.5680539800
2.1500000000	0.0000000000	-0.2324659800	0.2305461770	0.2726216030	-1.4041885900	-1.7337741400
2.2000000000	0.0000000000	-0.1647467700	0.2864911420	0.2400361110	-1.3583938600	-1.9011887200
2.2500000000	0.0000000000	-0.0963677800	0.3442994510	0.2085900230	-1.3139399600	-2.0695121800
2.3000000000	0.0000000000	-0.0273839500	0.4037777040	0.1779864110	-1.2707064000	-2.2379592700
2.3500000000	0.0000000000	0.0421313500	0.4647232380	0.1479069620	-1.2285607400	-2.4057537300
2.4000000000	0.0000000000	0.1120869300	0.5269270100	0.1180142100	-1.1873614500	-2.5721324100
2.4500000000	0.0000000000	0.1823731400	0.5901728820	0.0879548234	-1.1469601700	-2.7363525300
2.5000000000	0.0000000000	0.2528643900	0.6542394420	0.0573636489	-1.1072061900	-2.8976949700
2.5500000000	0.0000000000	0.3234173600	0.7189014660	0.0258680468	-1.0679481100	-3.0554717100
2.6000000000	0.0000000000	0.3938734900	0.7839310420	-0.0069080758	-1.0290379900	-3.2090298400
2.6500000000	0.0000000000	0.4640590300	0.8490982830	-0.0413415279	-0.9903338170	-3.3577573200
2.7000000000	0.0000000000	0.5337881100	0.9141726030	-0.0778044961	-0.9517019820	-3.5010864200
2.7500000000	0.0000000000	0.6028604300	0.9789245710	-0.1166623010	-0.9130200090	-3.6384989900
2.8000000000	0.0000000000	0.6710671900	1.0431268200	-0.1582692910	-0.8741798400	-3.7695287400
2.8500000000	0.0000000000	0.7381884700	1.1065553400	-0.2029640140	-0.8350882720	-3.8937658300
2.9000000000	0.0000000000	0.8039972600	1.1689905900	-0.2510679590	-0.7956702060	-4.0108586600
2.9500000000	0.0000000000	0.8682606000	1.2302182100	-0.3028814190	-0.7558688160	-4.1205152400
3.0000000000	0.0000000000	0.9307404500	1.2900317900	-0.3586803400	-0.7156486240	-4.2225060600
3.0500000000	0.0000000000	0.9911966500	1.3482323200	-0.4187130660	-0.6749931890	-4.3166634300
3.1000000000	0.0000000000	1.0493873900	1.4046293600	-0.4831991780	-0.6339082430	-4.4028826400
3.1500000000	0.0000000000	1.1050722500	1.4590436500	-0.5523256540	-0.5924197520	-4.4811206600
3.2000000000	0.0000000000	1.1580131500	1.5113061100	-0.6262456710	-0.5505741630	-4.5513948100
3.2500000000	0.0000000000	1.2079758000	1.5612593100	-0.7050758660	-0.5084375700	-4.6137819100
3.3000000000	0.0000000000	1.2547322700	1.6087587200	-0.7888950280	-0.4660940000	-4.6684151600
3.3500000000	0.0000000000	1.2980625900	1.6536718000	-0.8777436420	-0.4236449500	-4.7154801900
3.4000000000	0.0000000000	1.3377552400	1.6958805500	-0.9716200310	-0.3812051480	-4.7552136600
3.4500000000	0.0000000000	1.3736108900	1.7352796400	-1.0704835100	-0.3389039180	-4.7878963500
3.5000000000	0.0000000000	1.4054418900	1.7717789700	-1.1742493800	-0.2968785000	-4.8138521300
3.5500000000	0.0000000000	1.4330746100	1.8053016400	-1.2827923200	-0.2552765650	-4.8334397100
3.6000000000	0.0000000000	1.4563509600	1.8357844900	-1.3959440500	-0.2142481660	-4.8470497300
3.6500000000	0.0000000000	1.4751295000	1.8631784900	-1.5134949400	-0.1739479920	-4.8550973200
3.7000000000	0.0000000000	1.4892872400	1.8874483600	-1.6351940000	-0.1345290500	-4.8580190800
3.7500000000	0.0000000000	1.4987188700	1.9085708900	-1.7607495100	-0.0961414212	-4.8562643900
3.8000000000	0.0000000000	1.5033394800	1.9265356300	-1.8898312100	-0.0589294205	-4.8502920800
3.8500000000	0.0000000000	1.5030854500	1.9413444500	-2.0220716700	-0.0230298307	-4.8405632500
3.9000000000	0.0000000000	1.4979136700	1.9530090500	-2.1570671600	0.0114322932	-4.8275356100
3.9500000000	0.0000000000	1.4878032600	1.9615517400	-2.2943805300	0.0443424786	-4.8116595500
4.0000000000	0.0000000000	1.4727557700	1.9670042300	-2.4335446300	0.0756020658	-4.7933717400
4.0500000000	0.0000000000	1.4527943500	1.9694065200	-2.5740633200	0.1051275150	-4.7730908000
4.1000000000	0.0000000000	1.4279656000	1.9688042100	-2.7154154500	0.1328515590	-4.7512131500
4.1500000000	0.0000000000	1.3983370900	1.9652513000	-2.8570576400	0.1587247800	-4.7281084000
4.2000000000	0.0000000000	1.3639992700	1.9588054600	-2.9984292000	0.1827156870	-4.7041166300
4.2500000000	0.0000000000	1.3250630300	1.9495292200	-3.1389528900	0.2048108600	-4.6795458000
4.3000000000	0.0000000000	1.2816606900	1.9374882900	-3.2780421300	0.2250146840	-4.6546684600
4.3500000000	0.0000000000	1.2339436200	1.9227503000	-3.4151026100	0.2433479810	-4.6297214500
4.4000000000	0.0000000000	1.1820827200	1.9053858500	-3.5495373700	0.2598470760	-4.6049030700
4.4500000000	0.0000000000	1.1262662300	1.8854659200	-3.6807499700	0.2745648370	-4.5803746900
4.5000000000	0.0000000000	1.0666984400	1.8630622200	-3.8081506200	0.2875660880	-4.5562591800
4.5500000000	0.0000000000	1.0035990600	1.8382469300	-3.9311584200	0.2989274090	-4.5326422700
4.6000000000	0.0000000000	0.9372021700	1.8110919700	-4.0492052900	0.3087359450	-4.5095745400
4.6500000000	0.0000000000	0.8677523600	1.7816704300	-4.1617416600	0.3170852620	-4.4870720100
4.7000000000	0.0000000000	0.7955070500	1.7500552300	-4.2682394900	0.3240748800	-4.4651185200
4.7500000000	0.0000000000	0.7207308300	1.7163189700	-4.3681950300	0.3298091730	-4.4436701300
4.8000000000	0.0000000000	0.6436978000	1.6805368300	-4.4611336100	0.3343922520	-4.4226550000
4.8500000000	0.0000000000	0.5646864200	1.6427849200	-4.5466124400	0.3379294720	-4.4019811300
4.9000000000	0.0000000000	0.4839812300	1.6031421100	-4.6242233800	0.3405221950	-4.3815358300
4.9500000000	0.0000000000	0.4018694400	1.5616904700	-4.6935956300	0.3422689490	-4.3611911300
5.0000000000	0.0000000000	0.3186404800	1.5185171000	-4.7543985500	0.3432618470	-4.3408094300
5.0500000000	0.0000000000	0.2345849000	1.4737130800	-4.8063432800	0.3435878270	-4.3202431400
5.1000000000	0.0000000000	0.1499922500	1.4273779100	-4.8491835000	0.3433239510	-4.2993438700
5.1500000000	0.0000000000	0.0651510000	1.3796176900	-4.8827192400	0.3425403620	-4.2779613900
5.2000000000	0.0000000000	-0.0196525100	1.3305470500	-4.9067953100	0.3412974470	-4.2559511100
5.2500000000	0.0000000000	-0.1041341400	1.2802914300	-4.9213034800	0.3396466600	-4.2331742100
5.3000000000	0.0000000000	-0.1880154200	1.2289861900	-4.9261813500	0.3376300680	-4.2095034100
5.3500000000	0.0000000000	-0.2710210200	1.1767779600	-4.9214136100	0.3352814300	-4.1848243000
5.4000000000	0.0000000000	-0.3528812700	1.1238269400	-4.9070305800	0.3326260050	-4.1590386700
5.4500000000	0.0000000000	-0.4333310000	1.0703045100	-4.8831080100	0.3296822680	-4.1320656900
5.5000000000	0.0000000000	-0.5121126300	1.0163952100	-4.8497656700	0.3264612790	-4.1038434500
5.5500000000	0.0000000000	-0.5889737200	0.9622963870	-4.8071655200	0.3229696890	-4.0743321900
5.6000000000	0.0000000000	-0.6636707100	0.9082178350	-4.7555116100	0.3192094810	-4.0435122300
5.6500000000	0.0000000000	-0.7359652100	0.8543810320	-4.6950457400	0.3151806420	-4.0113867300
5.7000000000	0.0000000000	-0.8056292600	0.8010176910	-4.6260482700	0.3108808450	-3.9779797000
5.7500000000	0.0000000000	-0.8724422900	0.7483697540	-4.5488339100	0.3063082200	-3.9433373800
5.8000000000	0.0000000000	-0.9361936100	0.6966860040	-4.4637486200	0.3014621670	-3.9075263300
5.8500000000	0.0000000000	-0.9966825800	0.6462226630	-4.3711699200	0.2963430800	-3.8706324500
5.9000000000	0.0000000000	-1.0537199000	0.5972387670	-4.2715019600	0.2909549630	-3.8327592100
5.9500000000	0.0000000000	-1.1071286900	0.5499942950	-4.1651731700	0.2853052610	-3.7940266000
6.0000000000	0.0000000000	-1.1567435300	0.5047487390	-4.0526344200	0.2794062360	-3.7545692600
6.0500000000	0.0000000000	-1.2024156700	0.4617577590	-3.9343559500	0.2732735550	-3.7145330200
6.1000000000	0.0000000000	-1.2440099800	0.4212683960	-3.8108235000	0.2669285450	-3.6740738900
6.1500000000	0.0000000000	-1.2814082800	0.3835189790	-3.6825374200	0.2603957480	-3.6333549000
6.2000000000	0.0000000000	-1.3145097500	0.3487335310	-3.5500097700	0.2537036540	-3.5925449700
6.2500000000	0.0000000000	-1.3432339100	0.3171192270	-3.4137603200	0.2468838830	-3.5518148100
6.3000000000	0.0000000000	-1.3675194700	0.2888643630	-3.2743161800	0.2399689470	-3.5113359700
6.3500000000	0.0000000000	-1.3873269500	0.2641348550	-3.1322077000	0.2329929810	-3.4712770400
6.4000000000	0.0000000000	-1.4026385700	0.2430700060	-2.9879677700	0.2259883110	-3.4318042100
6.4500000000	0.0000000000	-1.4134607700	0.2257824640	-2.8421278300	0.2189853820	-3.3930760800
6.5000000000	0.0000000000	-1.4198229400	0.2123536270	-2.6952178500	0.2120094210	-3.3552437900
6.5500000000	0.0000000000	-1.4217797500	0.2028339150	-2.5477633900	0.2050805430	-3.3184490800
6.6000000000	0.0000000000	-1.4194103700	0.1972400460	-2.4002830800	0.1982108520	-3.2828228000
6.6500000000	0.0000000000	-1.4128175300	0.1955535720	-2.2532897500	0.1914023710	-3.2484836400
6.7000000000	0.0000000000	-1.4021302600	0.1977208810	-2.1072855200	0.1846459480	-3.2155369800
6.7500000000	0.0000000000	-1.3874997400	0.2036538310	-1.9627621500	0.1779194090	-3.1840741900
6.8000000000	0.0000000000	-1.3691004300	0.2132277410	-1.8201995700	0.1711875000	-3.1541727700
6.8500000000	0.0000000000	-1.3471286600	0.2262851290	-1.6800638700	0.1643987370	-3.1258949400
6.9000000000	0.0000000000	-1.3218005700	0.2426345780	-1.5428076800	0.1574856940	-3.0992871200
6.9500000000	0.0000000000	-1.2933507000	0.2620538750	-1.4088667000	0.1503649400	-3.0743813300
7.0000000000	0.0000000000	-1.2620293400	0.2842914410	-1.2786610600	0.1429371170	-3.0511947900
7.0500000000	0.0000000000	-1.2281021000	0.3090698260	-1.1525919300	0.1350855420	-3.0297286300
7.1000000000	0.0000000000	-1.1918434300	0.3360876640	-1.0310426600	0.1266791010	-3.0099698000
7.1500000000	0.0000000000	-1.1535386100	0.3650237590	-0.9143760950	0.1175723700	-2.9918909900
7.2000000000	0.0000000000	-1.1134775000	0.3955408270	-0.8029349340	0.1076069540	-2.9754500100
7.2500000000	0.0000000000	-1.0719532600	0.4272881050	-0.6970394310	0.0966145976	-2.9605918900
7.3000000000	0.0000000000	-1.0292588900	0.4599071830	-0.5969878430	0.0844178466	-2.9472475600
7.3500000000	0.0000000000	-0.9856850700	0.4930334970	-0.5030542560	0.0708343782	-2.9353350100
7.4000000000	0.0000000000	-0.9415165700	0.5263035850	-0.4154878680	0.0556793958	-2.9247598500
7.4500000000	0.0000000000	-0.8970291100	0.5593552950	-0.3345133920	0.0387688665	-2.9154151000
7.5000000000	0.0000000000	-0.8524895000	0.5918363830	-0.2603282100	0.0199231105	-2.9071820900
7.5500000000	0.0000000000	-0.8081502300	0.6234034170	-0.1931024900	-0.0010293184	-2.8999307600
7.6000000000	0.0000000000	-0.7642503600	0.6537292210	-0.1329781750	-0.0242488423	-2.8935176900
7.6500000000	0.0000000000	-0.7210120900	0.6825026980	-0.0800679990	-0.0498785054	-2.8877909000
7.7000000000	0.0000000000	-0.6786402700	0.7094352190	-0.0344550794	-0.0780449087	-2.8825865400
7.7500000000	0.0000000000	-0.6373217500	0.7342599560	0.0038090878	-0.1088493320	-2.8777299400
7.8000000000	0.0000000000	-0.5972248800	0.7567363010	0.0347033679	-0.1423682600	-2.8730367700
7.8500000000	0.0000000000	-0.5584986900	0.7766507220	0.0582399578	-0.1786489040	-2.8683130700
7.9000000000	0.0000000000	-0.5212744500	0.7938177350	0.0744627270	-0.2177066530	-2.8633560600
7.9500000000	0.0000000000	-0.4856650200	0.8080815990	0.0834489485	-0.2595227630	-2.8579551500
8.0000000000	0.0000000000	-0.4517664500	0.8193159590	0.0853084916	-0.3040425580	-2.8518911800
8.0500000000	0.0000000000	-0.4196594600	0.8274238640	0.0801851206	-0.3511754300	-2.8449394000
8.1000000000	0.0000000000	-0.3894095400	0.8323386150	0.0682565566	-0.4007912110	-2.8368703500
8.1500000000	0.0000000000	-0.3610705600	0.8340212900	0.0497316614	-0.4527231930	-2.8274504700
8.2000000000	0.0000000000	-0.3346848100	0.8324604010	0.0248543086	-0.5067673670	-2.8164437300
8.2500000000	0.0000000000	-0.3102859100	0.8276711750	-0.0061025803	-0.5626837210	-2.8036135800
8.3000000000	0.0000000000	-0.2878997000	0.8196920470	-0.0428319811	-0.6201971780	-2.7887262700
8.3500000000	0.0000000000	-0.2675466700	0.8085845480	-0.0849987227	-0.6790015650	-2.7715506000
8.4000000000	0.0000000000	-0.2492445100	0.7944309650	-0.1322395540	-0.7387614040	-2.7518622800
8.4500000000	0.0000000000	-0.2330066400	0.7773298750	-0.1841626920	-0.7991163910	-2.7294464100
8.5000000000	0.0000000000	-0.2188473300	0.7573982630	-0.2403516700	-0.8596840780	-2.7040990000
8.5500000000	0.0000000000	-0.2067802600	0.7347644720	-0.3003668780	-0.9200648930	-2.6756307000
8.6000000000	0.0000000000	-0.1968202000	0.7095693410	-0.3637485190	-0.9798476110	-2.6438695800
8.6500000000	0.0000000000	-0.1889834600	0.6819617460	-0.4300168990	-1.0386137500	-2.6086635000
8.7000000000	0.0000000000	-0.1832870300	0.6520993250	-0.4986780250	-1.0959419500	-2.5698844600
8.7500000000	0.0000000000	-0.1797496400	0.6201425750	-0.5692229830	-1.1514152500	-2.5274303300
8.8000000000	0.0000000000	-0.1783916600	0.5862571070	-0.6411346170	-1.2046247800	-2.4812268600
8.8500000000	0.0000000000	-0.1792325100	0.5506091760	-0.7138884280	-1.2551757800	-2.4312330000
8.9000000000	0.0000000000	-0.1822903800	0.5133658090	-0.7869558260	-1.3026922100	-2.3774404600
8.9500000000	0.0000000000	-0.1875810400	0.4746925530	-0.8598076150	-1.3468223900	-2.3198784400
9.0000000000	0.0000000000	-0.1951157400	0.4347543550	-0.9319190300	-1.3872424700	-2.2586126200
9.0500000000	0.0000000000	-0.2048993400	0.3937130630	-1.0027705300	-1.4236619200	-2.1937498900
9.1000000000	0.0000000000	-0.2169289300	0.3517267170	-1.0718524700	-1.4558250400	-2.1254365900
9.1500000000	0.0000000000	-0.2311905600	0.3089527180	-1.1386689600	-1.4835165700	-2.0538614900
9.2000000000	0.0000000000	-0.2476591000	0.2655433230	-1.2027397700	-1.5065607600	-1.9792541700
9.2500000000	0.0000000000	-0.2662937100	0.2216485930	-1.2636049200	-1.5248266000	-1.9018862700
9.3000000000	0.0000000000	-0.2870381300	0.1774157740	-1.3208267900	-1.5382270400	-1.8220701100
9.3500000000	0.0000000000	-0.3098177400	0.1329903460	-1.3739925100	-1.5467192000	-1.7401570000
9.4000000000	0.0000000000	-0.3345388100	0.0885159051	-1.4227188300	-1.5503041400	-1.6565365500
9.4500000000	0.0000000000	-0.3610870900	0.0441347752	-1.4666514500	-1.5490266900	-1.5716325500
9.5000000000	0.0000000000	-0.3893267600	-0.0000102823	-1.5054702100	-1.5429734400	-1.4859021000
9.5500000000	0.0000000000	-0.4190994700	-0.0437776181	-1.5388886400	-1.5322684200	-1.3998315400
9.6000000000	0.0000000000	-0.4502266300	-0.0870224401	-1.5666575400	-1.5170736000	-1.3139319900
9.6500000000	0.0000000000	-0.4825071200	-0.1296010240	-1.5885656700	-1.4975832500	-1.2287360700
9.7000000000	0.0000000000	-0.5157203600	-0.1713646360	-1.6044392100	-1.4740188800	-1.1447934800
9.7500000000	0.0000000000	-0.5496266300	-0.2121640540	-1.6141461100	-1.4466281300	-1.0626653200
9.8000000000	0.0000000000	-0.5839688100	-0.2518466510	-1.6175932700	-1.4156774100	-0.9829197500
9.8500000000	0.0000000000	-0.6184752900	-0.2902570010	-1.6147281500	-1.3814486400	-0.9061258100
9.9000000000	0.0000000000	-0.6528629600	-0.3272355290	-1.6055395400	-1.3442332200	-0.8328490200
9.9500000000	0.0000000000	-0.6868398100	-0.3626212920	-1.5900545600	-1.3043277400	-0.7636458100
10.0000000000	0.0000000000	-0.7201078200	-0.3962500850	-1.5683404600	-1.2620292000	-0.6990566400
10.0500000000	0.0000000000	-0.7523682000	-0.4279550870	-1.5405017700	-1.2176289000	-0.6396022700
10.1000000000	0.0000000000	-0.7833229300	-0.4575698010	-1.5066812900	-1.1714105100	-0.5857774700
10.1500000000	0.0000000000	-0.8126815200	-0.4849258170	-1.4670565300	-1.1236437900	-0.5380463400
10.2000000000	0.0000000000	-0.8401630800	-0.5098563600	-1.4218383500	-1.0745813700	-0.4968372100
10.2500000000	0.0000000000	-0.8655010300	-0.5321959920	-1.3712702500	-1.0244559400	-0.4625394900
10.3000000000	0.0000000000	-0.8884464700	-0.5517826890	-1.3156245800	-0.9734769980	-0.4354964500
10.3500000000	0.0000000000	-0.9087721900	-0.5684590520	-1.2552028200	-0.9218297850	-0.4160055500
10.4000000000	0.0000000000	-0.9262772500	-0.5820752430	-1.1903300800	-0.8696716240	-0.4043126200
10.4500000000	0.0000000000	-0.9407867600	-0.5924880500	-1.1213554700	-0.8171339570	-0.4006103200
10.5000000000	0.0000000000	-0.9521584200	-0.5995652770	-1.0486478100	-0.7643194000	-0.4050357500
10.5500000000	0.0000000000	-0.9602822000	-0.6031860910	-0.9725933940	-0.7113036680	-0.4176684300
10.6000000000	0.0000000000	-0.9650825000	-0.6032443180	-0.8935949730	-0.6581362030	-0.4385315500
10.6500000000	0.0000000000	-0.9665191800	-0.5996482130	-0.8120665200	-0.6048413160	-0.4675883300
10.7000000000	0.0000000000	-0.9645889100	-0.5923244950	-0.7284321970	-0.5514203020	-0.5047450700
10.7500000000	0.0000000000	-0.9593234700	-0.5812189100	-0.6431239900	-0.4978551400	-0.5498507000
10.8000000000	0.0000000000	-0.9507900800	-0.5662976650	-0.5565781550	-0.4441101080	-0.6026986000
10.8500000000	0.0000000000	-0.9390902300	-0.5475507650	-0.4692334770	-0.3901354370	-0.6630276700
10.9000000000	0.0000000000	-0.9243564400	-0.5249916620	-0.3815283820	-0.3358711060	-0.7305267300
10.9500000000	0.0000000000	-0.9067506000	-0.4986584680	-0.2938993010	-0.2812509500	-0.8048343100
11.0000000000	0.0000000000	-0.8864613100	-0.4686171590	-0.2067770500	-0.2262049110	-0.8855453600
11.0500000000	0.0000000000	-0.8636993100	-0.4349595950	-0.1205855180	-0.1706656440	-0.9722120400
11.1000000000	0.0000000000	-0.8386946900	-0.3978063160	-0.0357393038	-0.1145703300	-1.0643491000
11.1500000000	0.0000000000	-0.8116912300	-0.3573057680	0.0473582484	-0.0578636565	-1.1614379300
11.2000000000	0.0000000000	-0.7829433800	-0.3136343210	0.1283167860	-0.0005048018	-1.2629312700
11.2500000000	0.0000000000	-0.7527102300	-0.2669968890	0.2067631070	0.0575337377	-1.3682564400
11.3000000000	0.0000000000	-0.7212516800	-0.2176247970	0.2823389040	0.1162596310	-1.4768216100
11.3500000000	0.0000000000	-0.6888227000	-0.1657768490	0.3547066160	0.1756607240	-1.5880195600
11.4000000000	0.0000000000	-0.6556698800	-0.1117359670	0.4235493580	0.2357021020	-1.7012331900
11.4500000000	0.0000000000	-0.6220255600	-0.0558095549	0.4885717510	0.2963235770	-1.8158388000
11.5000000000	0.0000000000	-0.5881040300	0.0016737139	0.5495034020	0.3574403300	-1.9312122600
11.5500000000	0.0000000000	-0.5540979100	0.0603657585	0.6060991650	0.4189413510	-2.0467329000
11.6000000000	0.0000000000	-0.5201738700	0.1199009530	0.6581407380	0.4806898780	-2.1617871800
11.6500000000	0.0000000000	-0.4864704000	0.1798995050	0.7054379360	0.5425229870	-2.2757730700
11.7000000000	0.0000000000	-0.4530944600	0.2399710590	0.7478305530	0.6042535830	-2.3881051000
11.7500000000	0.0000000000	-0.4201191600	0.2997169620	0.7851877150	0.6656710310	-2.4982158300
11.8000000000	0.0000000000	-0.3875843400	0.3587338020	0.8174113170	0.7265438380	-2.6055609400
11.8500000000	0.0000000000	-0.3554934600	0.4166178710	0.8444341510	0.7866202710	-2.7096210600
11.9000000000	0.0000000000	-0.3238142600	0.4729677660	0.8662221780	0.8456326770	-2.8099054700
11.9500000000	0.0000000000	-0.2924794400	0.5273889350	0.8827742920	0.9032999900	-2.9059547200
12.0000000000	0.0000000000	-0.2613892700	0.5794980860	0.8941228330	0.9593291190	-2.9973420800
