x	mu	sigma_90	sigma_95	sigma_99	muPlus90	muMinus90	muPlus95	muMinus95	muPlus99	muMinus99	sample1	sample2	sample3
-3.50000	-0.0212958627	1.8290940800	2.1727420600	2.8600380200	1.8077982173	-1.8503899427	2.1514461973	-2.1940379227	2.8387421573	-2.8813338827	-1.3019216000	-0.2917137860	1.0100586800
-3.45000	-0.0267602114	1.8226943800	2.1651399900	2.8500312100	1.7959341686	-1.8494545914	2.1383797786	-2.1919002014	2.8232709986	-2.8767914214	-1.2187563000	-0.3565399140	1.0049473700
-3.40000	-0.0332000031	1.8151716900	2.1562039500	2.8382684600	1.7819716869	-1.8483716931	2.1230039469	-2.1894039531	2.8050684569	-2.8714684631	-1.1388670600	-0.4200242090	1.0000239800
-3.35000	-0.0407391501	1.8063790200	2.1457593200	2.8245199200	1.7656398699	-1.8471181701	2.1050201699	-2.1864984701	2.7837807699	-2.8652590701	-1.0630975100	-0.4819512470	0.9950605700
-3.30000	-0.0495100739	1.7961599700	2.1336203300	2.8085410500	1.7466498961	-1.8456700439	2.0841102561	-2.1831304039	2.7590309761	-2.8580511239	-0.9922379880	-0.5421622820	0.9897742450
-3.25000	-0.0596531258	1.7843499900	2.1195915100	2.7900745300	1.7246968642	-1.8440031158	2.0599383842	-2.1792446358	2.7304214042	-2.8497276558	-0.9270081030	-0.6005562400	0.9838327140
-3.20000	-0.0713157563	1.7707779100	2.1034695100	2.7688527200	1.6994621537	-1.8420936663	2.0321537537	-2.1747852663	2.6975369637	-2.8401684763	-0.8680402690	-0.6570825370	0.9768521600
-3.15000	-0.0846514085	1.7552678700	2.0850454700	2.7446006700	1.6706164615	-1.8399192785	2.0003940615	-2.1696968785	2.6599492615	-2.8292520785	-0.8158680710	-0.7117407010	0.9684028010
-3.10000	-0.0998181100	1.7376416900	2.0641077000	2.7170397300	1.6378235800	-1.8374598000	1.9642895900	-2.1639258100	2.6172216200	-2.8168578400	-0.7709150700	-0.7645725680	0.9580142930
-3.05000	-0.1169767440	1.7177214700	2.0404449000	2.6858917500	1.6007447260	-1.8346982140	1.9234681560	-2.1574216440	2.5689150060	-2.8028684940	-0.7334898080	-0.8156562280	0.9451825740
-3.00000	-0.1362889790	1.6953326300	2.0138496700	2.6508837500	1.5590436510	-1.8316216090	1.8775606910	-2.1501386490	2.5145947710	-2.7871727290	-0.7037811190	-0.8650989990	0.9293780460
-2.95000	-0.1579148540	1.6703071800	1.9841224700	2.6117530500	1.5123923260	-1.8282220340	1.8262076160	-2.1420373240	2.4538381960	-2.7696679040	-0.6818595750	-0.9130283370	0.9100558340
-2.90000	-0.1820100010	1.6424873000	1.9510758200	2.5682528700	1.4604772990	-1.8244973010	1.7690658190	-2.1330858210	2.3862428690	-2.7502628710	-0.6676794100	-0.9595843440	0.8866665810
-2.85000	-0.2087225190	1.6117290500	1.9145387500	2.5201581500	1.4030065310	-1.8204515690	1.7058162310	-2.1232612690	2.3114356310	-2.7288806690	-0.6610866810	-1.0049100600	0.8586693940
-2.80000	-0.2381895020	1.5779062700	1.8743613900	2.4672716300	1.3397167680	-1.8160957720	1.6361718880	-2.1125508920	2.2290821280	-2.7054611320	-0.6618274110	-1.0491441800	0.8255433360
-2.75000	-0.2705332530	1.5409145100	1.8304196600	2.4094299600	1.2703812570	-1.8114477630	1.5598864070	-2.1009529130	2.1388967070	-2.6799632130	-0.6695584720	-1.0924120200	0.7868016460
-2.70000	-0.3058571980	1.5006748800	1.7826198500	2.3465098100	1.1948176820	-1.8065320780	1.4767626520	-2.0884770480	2.0406526120	-2.6523670080	-0.6838612420	-1.1348188600	0.7420042310
-2.65000	-0.3442415630	1.4571378900	1.7309031900	2.2784337900	1.1128963270	-1.8013794530	1.3866616270	-2.0751447530	1.9341922270	-2.6226753530	-0.7042548460	-1.1764429000	0.6907712760
-2.60000	-0.3857388540	1.4102869900	1.6752500000	2.2051760200	1.0245481360	-1.7960258440	1.2895111460	-2.0609888540	1.8194371660	-2.5909148740	-0.7302107120	-1.2173300700	0.6327960480
-2.55000	-0.4303692170	1.3601418400	1.6156836400	2.1267672400	0.9297726230	-1.7905110570	1.1853144230	-2.0460528570	1.6963980230	-2.5571364570	-0.7611662510	-1.2574894900	0.5678567510
-2.50000	-0.4781157530	1.3067611700	1.5522738800	2.0432992900	0.8286454170	-1.7848769230	1.0741581270	-2.0303896330	1.5651835370	-2.5214150430	-0.7965376740	-1.2968910200	0.4958281850
-2.45000	-0.5289198860	1.2502451700	1.4851397200	1.9549288100	0.7213252840	-1.7791650560	0.9562198340	-2.0140596060	1.4260089240	-2.4838486960	-0.8357328640	-1.3354633400	0.4166902140
-2.40000	-0.5826768840	1.1907372600	1.4144515300	1.8618800800	0.6080603760	-1.7734141440	0.8317746460	-1.9971284140	1.2792031960	-2.4445569640	-0.8781608300	-1.3730928800	0.3305389110
-2.35000	-0.6392316490	1.1284252400	1.3404324000	1.7644467400	0.4891935910	-1.7676568890	0.7012007510	-1.9796640490	1.1252150910	-2.4036783890	-0.9232403350	-1.4096261300	0.2375909510
-2.30000	-0.6983749000	1.0635416800	1.2633586000	1.6629924400	0.3651667800	-1.7619165800	0.5649837000	-1.9617335000	0.9646175400	-2.3613673400	-0.9704054240	-1.4448708400	0.1381908790
-2.25000	-0.7598398770	0.9963635220	1.1835590900	1.5579502300	0.2365236450	-1.7562033990	0.4237192130	-1.9433989670	0.7981103530	-2.3177901070	-1.0191101600	-1.4785995600	0.0328123090
-2.20000	-0.8232997070	0.9272108450	1.1014140900	1.4498205900	0.1039111380	-1.7505105520	0.2781143830	-1.9247137970	0.6265208830	-2.2731202970	-1.0688293300	-1.5105538400	-0.0779395897
-2.15000	-0.8883655610	0.8564447350	1.0173525300	1.3391681300	-0.0319208260	-1.7448102960	0.1289869690	-1.9057180910	0.4508025690	-2.2275336910	-1.1190586100	-1.5404490200	-0.1933304270
-2.10000	-0.9545857350	0.7844642870	0.9318484870	1.2266168900	-0.1701214480	-1.7390500220	-0.0227372480	-1.8864342220	0.2720311550	-2.1812026250	-1.1693112900	-1.5679805400	-0.3124998660
-2.05000	-1.0214458000	0.7117027100	0.8454165520	1.1128442400	-0.3097430900	-1.7331485100	-0.1760292480	-1.8668623520	0.0913984400	-2.1342900400	-1.2191153900	-1.5928283500	-0.4344685530
-2.00000	-1.0883699200	0.6386225690	0.7586062030	0.9985734710	-0.4497473510	-1.7269924890	-0.3297637170	-1.8469761230	-0.0897964490	-2.0869433910	-1.2680072800	-1.6146643200	-0.5581467180
-1.95000	-1.1547234300	0.5657102150	0.6719951650	0.8845650640	-0.5890132150	-1.7204336450	-0.4827282650	-1.8267185950	-0.2701583660	-2.0392884940	-1.3155268800	-1.6331576900	-0.6823452180
-1.90000	-1.2198168500	0.4934694630	0.5861819070	0.7716067960	-0.7263473870	-1.7132863130	-0.6336349430	-1.8059987570	-0.4482100540	-1.9914236460	-1.3612103400	-1.6479811400	-0.8057904310
-1.85000	-1.2829112600	0.4224145980	0.5017773400	0.6605028250	-0.8604966620	-1.7053258580	-0.7811339200	-1.7846886000	-0.6224084350	-1.9434140850	-1.4045852200	-1.6588156900	-0.9271399150
-1.80000	-1.3432251700	0.3530628380	0.4193958560	0.5520618920	-0.9901623320	-1.6962880080	-0.9238293140	-1.7626210260	-0.7911632780	-1.8952870620	-1.4451634200	-1.6653561000	-1.0450008900
-1.75000	-1.3999429200	0.2859263550	0.3396458520	0.4470848460	-1.1140165650	-1.6858692750	-1.0602970680	-1.7395887720	-0.9528580740	-1.8470277660	-1.4824385000	-1.6673155500	-1.1579502500
-1.70000	-1.4522244800	0.2215040130	0.2631199180	0.3463517290	-1.2307204670	-1.6737284930	-1.1891045620	-1.7153443980	-1.1058727510	-1.7985762090	-1.5158816800	-1.6644281900	-1.2645575300
-1.65000	-1.4992166900	0.1602729730	0.1903848650	0.2506086490	-1.3389437170	-1.6594896630	-1.3088318250	-1.6896015550	-1.2486080410	-1.7498253390	-1.5449414300	-1.6564528500	-1.3634077600
-1.60000	-1.5400658100	0.1026803410	0.1219717990	0.1605547150	-1.4373854690	-1.6427461510	-1.4180940110	-1.6620376090	-1.3795110950	-1.7006205250	-1.5690442700	-1.6431753500	-1.4531244900
-1.55000	-1.5739312000	0.0491350266	0.0583664558	0.0768293143	-1.5247961734	-1.6230662266	-1.5155647442	-1.6322976558	-1.4971018857	-1.6507605143	-1.5875986100	-1.6244097000	-1.5323962800
-1.50000	-1.6000000000	0.0000000000	0.0000000000	0.0000000000	-1.6000000000	-1.6000000000	-1.6000000000	-1.6000000000	-1.6000000000	-1.6000000000	-1.5999999800	-1.5999999500	-1.6000000900
-1.45000	-1.6175026700	0.0444148720	0.0527594843	0.0694487089	-1.5730877980	-1.6619175420	-1.5647431857	-1.6702621543	-1.5480539611	-1.6869513789	-1.6056409300	-1.5698197200	-1.6548251200
-1.40000	-1.6257289100	0.0838592379	0.0996146098	0.1311253540	-1.5418696721	-1.7095881479	-1.5261143002	-1.7253435198	-1.4946035560	-1.7568542640	-1.6039203900	-1.5337743700	-1.6958965800
-1.35000	-1.6240439900	0.1181477510	0.1403452080	0.1847401200	-1.5058962390	-1.7421917410	-1.4836987820	-1.7643891980	-1.4393038700	-1.8087841100	-1.5942586200	-1.4917996900	-1.7223964900
-1.30000	-1.6119048300	0.1471644870	0.1748135730	0.2301117440	-1.4647403430	-1.7590693170	-1.4370912570	-1.7867184030	-1.3817930860	-1.8420165740	-1.5761112800	-1.4438639000	-1.7336832100
-1.25000	-1.5888758500	0.1708661450	0.2029682700	0.2671725180	-1.4180097050	-1.7597419950	-1.3859075800	-1.7918441200	-1.3217033320	-1.8560483680	-1.5489872800	-1.3899682000	-1.7293090300
-1.20000	-1.5546439300	0.1892839350	0.2248463720	0.2959712440	-1.3653599950	-1.7439278650	-1.3297975580	-1.7794903020	-1.2586726860	-1.8506151740	-1.5124668300	-1.3301475000	-1.7090335000
-1.15000	-1.5090322900	0.2025240480	0.2405740210	0.3166739670	-1.3065082420	-1.7115563380	-1.2684582690	-1.7496063110	-1.1923583230	-1.8257062570	-1.4662207000	-1.2644739400	-1.6728346100
-1.10000	-1.4520129100	0.2107666650	0.2503652500	0.3295624210	-1.2412462450	-1.6627795750	-1.2016476600	-1.7023781600	-1.1224504890	-1.7815753310	-1.4100297100	-1.1930585100	-1.6209164300
-1.05000	-1.3837170400	0.2142634690	0.2545190300	0.3350301520	-1.1694535710	-1.5979805090	-1.1291980100	-1.6382360700	-1.0486868880	-1.7187471920	-1.3438031600	-1.1160554300	-1.5537134100
-1.00000	-1.3044435600	0.2133336830	0.2534145570	0.3335763040	-1.0911098770	-1.5177772430	-1.0510290030	-1.5578581170	-0.9708672560	-1.6380198640	-1.2675966700	-1.0336660300	-1.4718883500
-0.95000	-1.2146648700	0.2083586580	0.2475048300	0.3257971740	-1.0063062120	-1.4230235280	-0.9671600400	-1.4621697000	-0.8888676960	-1.5404620440	-1.1816279600	-0.9461452710	-1.3763305000
-0.90000	-1.1150299300	0.1997751100	0.2373086160	0.3123756270	-0.9152548200	-1.3148050400	-0.8777213140	-1.3523385460	-0.8026543030	-1.4274055570	-1.0862902200	-0.8538064050	-1.2681464800
-0.85000	-1.0063643600	0.1880671070	0.2234009270	0.2940685670	-0.8182972530	-1.1944314670	-0.7829634330	-1.2297652870	-0.7122957930	-1.3004329270	-0.9821612450	-0.7570282920	-1.1486482500
-0.80000	-0.8896673120	0.1737569520	0.2064021970	0.2716926880	-0.7159103600	-1.0634242640	-0.6832651150	-1.0960695090	-0.6179746240	-1.1613600000	-0.8700110910	-0.6562616530	-1.0193386500
-0.75000	-0.7661050710	0.1573951470	0.1869663560	0.2461087750	-0.6087099240	-0.9235002180	-0.5791387150	-0.9530714270	-0.5199962960	-1.0122138460	-0.7508025800	-0.5520357420	-0.8818914620
-0.70000	-0.6370012810	0.1395496270	0.1657680420	0.2182048710	-0.4974516540	-0.7765509080	-0.4712332390	-0.8027693230	-0.4187964100	-0.8552061520	-0.6256889990	-0.4449643150	-0.7381301870
-0.65000	-0.5038238590	0.1207944970	0.1434892210	0.1888786680	-0.3830293620	-0.6246183560	-0.3603346380	-0.6473130800	-0.3149451910	-0.6927025270	-0.4960068910	-0.3357503310	-0.5900029720
-0.60000	-0.3681686750	0.1016985060	0.1208054980	0.1590194820	-0.2664701690	-0.4698671810	-0.2473631770	-0.4889741730	-0.2091491930	-0.5271881570	-0.3632612010	-0.2251910990	-0.4395553570
-0.55000	-0.2317401780	0.0828135140	0.0983724166	0.1294902220	-0.1489266640	-0.3145536920	-0.1333677614	-0.3301125946	-0.1022499560	-0.3612304000	-0.2291101720	-0.1141780930	-0.2889019220
-0.50000	-0.0963292197	0.0646632027	0.0768120469	0.1011097350	-0.0316660170	-0.1609924224	-0.0195171728	-0.1731412666	0.0047805153	-0.1974389547	-0.0953398581	-0.0036990432	-0.1401958000
-0.45000	0.0362116018	0.0477322901	0.0567001749	0.0746359445	0.0839438919	-0.0115206883	0.0929117767	-0.0204885731	0.1108475463	-0.0384243427	0.0361619845	0.1051651770	0.0044026478
-0.40000	0.1639946890	0.0324564884	0.0385543741	0.0507501455	0.1964511774	0.1315382006	0.2025490631	0.1254403149	0.2147448345	0.1132445435	0.1634367590	0.2112471570	0.1427569480
-0.35000	0.2851258290	0.0192134426	0.0228232409	0.0300428375	0.3043392716	0.2659123864	0.3079490699	0.2623025881	0.3151686665	0.2550829915	0.2844903400	0.3132994260	0.2727860690
-0.30000	0.3977337050	0.0083148575	0.0098770428	0.0130014135	0.4060485625	0.3894188475	0.4076107478	0.3878566622	0.4107351185	0.3847322915	0.3973295280	0.4100066950	0.3924939310
-0.25000	0.5000000000	0.0000000000	0.0000000000	0.0000000000	0.5000000000	0.5000000000	0.5000000000	0.5000000000	0.5000000000	0.5000000000	0.5000002140	0.5000001900	0.4999998890
-0.20000	0.5901895060	0.0055692705	0.0066156183	0.0087083139	0.5957587765	0.5846202355	0.5968051243	0.5835738877	0.5988978199	0.5814811921	0.5906263700	0.5818748910	0.5935658950
-0.15000	0.6666796500	0.0083118249	0.0098734405	0.0129966717	0.6749914749	0.6583678251	0.6765530905	0.6568062095	0.6796763217	0.6536829783	0.6674488650	0.6542095220	0.6716209980
-0.10000	0.7279888370	0.0082288597	0.0097748879	0.0128669442	0.7362176967	0.7197599773	0.7377637249	0.7182139491	0.7408557812	0.7151218928	0.7288613620	0.7155888890	0.7327860220
-0.05000	0.7728030290	0.0054037268	0.0064189724	0.0084494637	0.7782067558	0.7673993022	0.7792220014	0.7663840566	0.7812524927	0.7643535653	0.7734454020	0.7646287700	0.7758924130
0.00000	0.8000000000	0.0000000000	0.0000000000	0.0000000000	0.8000000000	0.8000000000	0.8000000000	0.8000000000	0.8000000000	0.8000000000	0.8000001140	0.8000001250	0.7999998830
0.05000	0.8086707340	0.0077421767	0.0091967675	0.0121059491	0.8164129107	0.8009285573	0.8178675015	0.7994739665	0.8207766831	0.7965647849	0.8075698470	0.8204571610	0.8044104460
0.10000	0.7981375150	0.0175113739	0.0208013896	0.0273814210	0.8156488889	0.7806261411	0.8189389046	0.7773361254	0.8255189360	0.7707560940	0.7954643640	0.8248621320	0.7886782890
0.15000	0.7679682940	0.0289316690	0.0343673159	0.0452386097	0.7968999630	0.7390366250	0.8023356099	0.7336009781	0.8132069037	0.7227296843	0.7632753300	0.8122125730	0.7526177830
0.20000	0.7179870050	0.0415707884	0.0493810577	0.0650015963	0.7595577934	0.6764162166	0.7673680627	0.6686059473	0.7829886013	0.6529854087	0.7108855050	0.7816644630	0.6963059280
0.25000	0.6482795830	0.0549494061	0.0652732339	0.0859208895	0.7032289891	0.5933301769	0.7135528169	0.5830063491	0.7342004725	0.5623586935	0.6384730730	0.7325555630	0.6200831840
0.30000	0.5591955370	0.0685513853	0.0814307365	0.1071894390	0.6277469223	0.4906441517	0.6406262735	0.4777648005	0.6663849760	0.4520060980	0.5465078480	0.6644244170	0.5245493810
0.35000	0.4513450010	0.0818347230	0.0972097315	0.1279597490	0.5331797240	0.3695102780	0.5485547325	0.3541352695	0.5793047500	0.3233852520	0.4357435830	0.5770272650	0.4105569910
0.40000	0.3255913150	0.0942429480	0.1119491990	0.1473617010	0.4198342630	0.2313483670	0.4375405140	0.2136421160	0.4729530160	0.1782296140	0.3072026630	0.4703512840	0.2792019140
0.45000	0.1830392570	0.1052167140	0.1249847020	0.1645206800	0.2882559710	0.0778225430	0.3080239590	0.0580545550	0.3475599370	0.0185185770	0.1621563300	0.3446223940	0.1318087530
0.50000	0.0250191445	0.1142053250	0.1356620830	0.1785755990	0.1392244695	-0.0891861805	0.1606812275	-0.1106429385	0.2035947435	-0.1535564545	0.0020996082	0.2003107190	-0.0300843232
0.55000	-0.1469328690	0.1206779460	0.1433507730	0.1886964250	-0.0262549230	-0.2676108150	-0.0035820960	-0.2902836420	0.0417635560	-0.3356292940	-0.1712772890	0.0381299825	-0.2047436330
0.60000	-0.3310979250	0.1241342470	0.1474564390	0.1941008230	-0.2069636780	-0.4552321720	-0.1836414860	-0.4785543640	-0.1369971020	-0.5251987480	-0.3561209690	-0.1409663680	-0.3902633060
0.65000	-0.5256005580	0.1241142620	0.1474326990	0.1940695730	-0.4014862960	-0.6497148200	-0.3781678590	-0.6730332570	-0.3315309850	-0.7196701310	-0.5504503780	-0.3357948740	-0.5845874330
0.70000	-0.7284372330	0.1202072650	0.1427916600	0.1879604510	-0.6082299680	-0.8486444980	-0.5856455730	-0.8712288930	-0.5404767820	-0.9163976840	-0.7521928370	-0.5449544680	-0.7855360690
0.75000	-0.9375067660	0.1120594820	0.1331130820	0.1752202810	-0.8254472840	-1.0495662480	-0.8043936840	-1.0706198480	-0.7622864850	-1.1127270470	-0.9592210540	-0.7668436760	-0.9908342800
0.80000	-1.1506420400	0.0993804985	0.1180519860	0.1553949610	-1.0512615415	-1.2500225385	-1.0325900540	-1.2686940260	-0.9952470790	-1.3060370010	-1.1693911500	-0.9996813230	-1.1981392800
0.85000	-1.3656423600	0.0819482592	0.0973445988	0.1281372780	-1.2836941008	-1.4475906192	-1.2682977612	-1.4629869588	-1.2375050820	-1.4937796380	-1.3805778700	-1.2415304400	-1.4050733100
0.90000	-1.5803059200	0.0596125819	0.0708125215	0.0932124007	-1.5206933381	-1.6399185019	-1.5094933985	-1.6511184415	-1.4870935193	-1.6735183207	-1.5907114200	-1.4903240400	-1.6092541000
0.95000	-1.7924616600	0.0322971523	0.0383651022	0.0505010019	-1.7601645077	-1.8247588123	-1.7540965578	-1.8308267622	-1.7419606581	-1.8429626619	-1.7978076500	-1.7438937700	-1.8083274200
1.00000	-2.0000000000	0.0000000000	0.0000000000	0.0000000000	-2.0000000000	-2.0000000000	-2.0000000000	-2.0000000000	-2.0000000000	-2.0000000000	-1.9999999700	-1.9999999700	-1.9999999700
1.05000	-2.2009019400	0.0372075098	0.0441980117	0.0581790154	-2.1636944302	-2.2381094498	-2.1567039283	-2.2450999517	-2.1427229246	-2.2590809554	-2.1955644200	-2.2563615300	-2.1820722800
1.10000	-2.3932659200	0.0791830982	0.0940599227	0.1238135720	-2.3140828218	-2.4724490182	-2.2992059973	-2.4873258427	-2.2694523480	-2.5170794920	-2.3829431500	-2.5106887700	-2.3524696800
1.15000	-2.5753321400	0.1257173100	0.1493369260	0.1965761580	-2.4496148300	-2.7010494500	-2.4259952140	-2.7246690660	-2.3787559820	-2.7719082980	-2.5607627000	-2.7607122700	-2.5092740200
1.20000	-2.7455038500	0.1765384440	0.2097062730	0.2760419300	-2.5689654060	-2.9220422940	-2.5357975770	-2.9552101230	-2.4694619200	-3.0215457800	-2.7278484600	-3.0042148700	-2.6507522000
1.25000	-2.9023653900	0.2313185180	0.2747783610	0.3616980470	-2.6710468720	-3.1336839080	-2.6275870290	-3.1771437510	-2.5406673430	-3.2640634370	-2.8832346600	-3.2390596200	-2.7753835700
1.30000	-3.0446967300	0.2896801210	0.3441048710	0.4529543710	-2.7550166090	-3.3343768510	-2.7005918590	-3.3888016010	-2.5917423590	-3.4976511010	-3.0261697300	-3.4632178400	-2.8818837900
1.35000	-3.1714844300	0.3512039510	0.4171877230	0.5491552690	-2.8202804790	-3.5226883810	-2.7542967070	-3.5886721530	-2.6223291610	-3.7206396990	-3.1561173700	-3.6747938100	-2.9692257100
1.40000	-3.2819288200	0.4154368660	0.4934886410	0.6495921900	-2.8664919540	-3.6973656860	-2.7884401790	-3.7754174610	-2.6323366300	-3.9315210100	-3.2727540700	-3.8720486400	-3.0366564400
1.45000	-3.3754475900	0.4819002560	0.5724390920	0.7535167640	-2.8935473340	-3.8573478460	-2.8030084980	-3.9478866820	-2.6219308260	-4.1289643540	-3.3759609700	-4.0534201500	-3.0837092300
1.50000	-3.4516758000	0.5500985380	0.6534503840	0.8601540770	-2.9015772620	-4.0017743380	-2.7982254160	-4.1051261840	-2.5915217230	-4.3118298770	-3.4658148800	-4.2175404700	-3.1102124700
1.55000	-3.5104624100	0.6195275980	0.7359236920	0.9687158800	-2.8909348120	-4.1299900080	-2.7745387180	-4.2463861020	-2.5417465300	-4.4791782900	-3.5425726900	-4.3632508400	-3.1162914500
1.60000	-3.5518637000	0.6896830030	0.8192598100	1.0784134200	-2.8621806970	-4.2415467030	-2.7326038900	-4.3711235100	-2.4734502800	-4.6302771200	-3.6066555300	-4.4896123000	-3.1023656400
1.65000	-3.5761337300	0.7600678260	0.9028684470	1.1884696900	-2.8160659040	-4.3362015560	-2.6732652830	-4.4790021770	-2.3876640400	-4.7646034200	-3.6586294200	-4.5959146900	-3.0691411900
1.70000	-3.5837121600	0.8301999270	0.9861768830	1.2981307900	-2.7535122330	-4.4139120870	-2.5975352770	-4.5698890430	-2.2855813700	-4.8818429500	-3.6991837300	-4.6816808700	-3.0175965900
1.75000	-3.5752099400	0.8996185870	1.0686378400	1.4066763400	-2.6755913530	-4.4748285270	-2.5065721000	-4.6438477800	-2.1685336000	-4.9818862800	-3.7291089000	-4.7466688200	-2.9489640400
1.80000	-3.5513929700	0.9678903700	1.1497364400	1.5134285800	-2.5835026000	-4.5192833400	-2.4016565300	-4.7011294100	-2.0379643900	-5.0648215500	-3.7492737200	-4.7908697700	-2.8647058900
1.85000	-3.5131644400	1.0346141400	1.2289961800	1.6177602800	-2.4785503000	-4.5477785800	-2.2841682600	-4.7421606200	-1.8954041600	-5.1309247200	-3.7606010200	-4.8145039900	-2.7664855400
1.90000	-3.4615459500	1.0994251500	1.3059838100	1.7191011400	-2.3621208000	-4.5609711000	-2.1555621400	-4.7675297600	-1.7424448100	-5.1806470900	-3.7640445600	-4.8180130100	-2.6561352900
1.95000	-3.3976580600	1.1619982400	1.3803130600	1.8169427000	-2.2356598200	-4.5596563000	-2.0173450000	-4.7779711200	-1.5807153600	-5.2146007600	-3.7605673000	-4.8020493200	-2.5356206800
2.00000	-3.3227004300	1.2220500100	1.4516472900	1.9108418400	-2.1006504200	-4.5447504400	-1.8710531400	-4.7743477200	-1.4118585900	-5.2335422700	-3.7511189700	-4.7674628900	-2.4070018300
2.05000	-3.2379320400	1.2793400600	1.5197009200	2.0004226400	-1.9585919800	-4.5172721000	-1.7182311200	-4.7576329600	-1.2375094000	-5.2383546800	-3.7366171000	-4.7152871800	-2.2723940800
2.10000	-3.1446518100	1.3336713100	1.5842398500	2.0853769500	-1.8109805000	-4.4783231200	-1.5604119600	-4.7288916600	-1.0592748600	-5.2300287600	-3.7179299400	-4.6467200700	-2.1339264500
2.15000	-3.0441798700	1.3848893700	1.6450807100	2.1654633900	-1.6592905000	-4.4290692400	-1.3990991600	-4.6892605800	-0.8787164800	-5.2096432600	-3.6958599500	-4.5631049700	-1.9937024800
2.20000	-2.9378397400	1.4328812000	1.7020891800	2.2405051500	-1.5049585400	-4.3707209400	-1.2357505600	-4.6399289200	-0.6973345900	-5.1783448900	-3.6711328100	-4.4659094900	-1.8537603100
2.25000	-2.8269416800	1.4775728200	1.7551774100	2.3103865900	-1.3493688600	-4.3045145000	-1.0717642700	-4.5821190900	-0.5165550900	-5.1373282700	-3.6443861500	-4.3567035300	-1.7160353900
2.30000	-2.7127674000	1.5189265000	1.8043005700	2.3750487200	-1.1938409000	-4.2316939000	-0.9084668300	-4.5170679700	-0.3377186800	-5.0878161200	-3.6161636100	-4.2371347300	-1.5823271700
2.35000	-2.5965562100	1.5569373100	1.8494528000	2.4344837900	-1.0396189000	-4.1534935200	-0.7471034100	-4.4460090100	-0.1620724200	-5.0310400000	-3.5869103200	-4.1089048500	-1.4542682500
2.40000	-2.4794927000	1.5916291000	1.8906624500	2.4887291400	-0.8878636000	-4.0711218000	-0.5888302500	-4.3701551500	0.0092364400	-4.9682218400	-3.5569711300	-3.9737455000	-1.3332989500
2.45000	-2.3626961100	1.6230502600	1.9279869700	2.5378604100	-0.7396458500	-3.9857463700	-0.4347091400	-4.2906830800	0.1751643000	-4.9005565200	-3.5265926300	-3.8333925700	-1.2206463400
2.50000	-2.2472112800	1.6512690400	1.9615074700	2.5819843200	-0.5959422400	-3.8984803200	-0.2857038100	-4.2087187500	0.3347730400	-4.8291956000	-3.4959264200	-3.6895631100	-1.1173087500
2.55000	-2.1340012500	1.6763688400	1.9913229800	2.6212312700	-0.4576324100	-3.8103700900	-0.1426782700	-4.1253242300	0.4872300200	-4.7552325200	-3.4650353700	-3.5439312800	-1.0240461900
2.60000	-2.0239413900	1.6984433400	2.0175448200	2.6557477700	-0.3254980500	-3.7223847300	-0.0063965700	-4.0414862100	0.6318063800	-4.6796891600	-3.4339020600	-3.3981067500	-0.9413760180
2.65000	-1.9178151200	1.7175918200	2.0402908900	2.6856890300	-0.2002233000	-3.6354069400	0.1224757700	-3.9581060100	0.7678739100	-4.6035041500	-3.4024366400	-3.2536131200	-0.8695753010
2.70000	-1.8163109500	1.7339145100	2.0596802600	2.7112117700	-0.0823964400	-3.5502254600	0.2433693100	-3.8759912100	0.8949008200	-4.5275227200	-3.3704901000	-3.1118697000	-0.8086870430
2.75000	-1.7200208500	1.7475083000	2.0758280400	2.7324675300	0.0274874500	-3.4675291500	0.3558071900	-3.7958488900	1.0124466800	-4.4524883800	-3.3378639700	-2.9741743200	-0.7585336260
2.80000	-1.6294398400	1.7584628400	2.0888407100	2.7495964400	0.1290230000	-3.3879026800	0.4594008700	-3.7182805500	1.1201566000	-4.3790362800	-3.3043231800	-2.8416886800	-0.7187321150
2.85000	-1.5449665800	1.7668569800	2.0988119300	2.7627218200	0.2218904000	-3.3118235600	0.5538453500	-3.6437785100	1.2177552400	-4.3076884000	-3.2696088700	-2.7154268000	-0.6887171710
2.90000	-1.4669048900	1.7727558500	2.1058190700	2.7719455100	0.3058509600	-3.2396607400	0.6389141800	-3.5727239600	1.3050406200	-4.2388504000	-3.2334500300	-2.5962451900	-0.6677635750
2.95000	-1.3954661500	1.7762084800	2.1099203800	2.7773441700	0.3807423300	-3.1716746300	0.7144542300	-3.5053865300	1.3818780200	-4.1728103200	-3.1955753300	-2.4848366300	-0.6550138950
3.00000	-1.3307722200	1.7772460800	2.1111529300	2.7789666100	0.4464738600	-3.1080183000	0.7803807100	-3.4419251500	1.4481943900	-4.1097388300	-3.1557237000	-2.3817261800	-0.6495077050
3.05000	-1.2728590900	1.7758810000	2.1095313700	2.7768321100	0.5030219100	-3.0487400900	0.8366722800	-3.3823904600	1.5039730200	-4.0496912000	-3.1136546800	-2.2872712100	-0.6502100530
3.10000	-1.2216808500	1.7721063500	2.1050475400	2.7709299200	0.5504255000	-2.9937872000	0.8833666900	-3.3267283900	1.5492490700	-3.9926107700	-3.0691562300	-2.2016621500	-0.6560419150
3.15000	-1.1771140900	1.7658963700	2.0976708400	2.7612197700	0.5887822800	-2.9430104600	0.9205567500	-3.2747849300	1.5841056800	-3.9383338600	-3.0220520600	-2.1249270300	-0.6659094520
3.20000	-1.1389626000	1.7572074700	2.0873494800	2.7476335000	0.6182448700	-2.8961700700	0.9483868800	-3.2263120800	1.6086709000	-3.8865961000	-2.9722062100	-2.0569386300	-0.6787311200
3.25000	-1.1069622100	1.7459799400	2.0740125300	2.7300777200	0.6390177300	-2.8529421500	0.9670503200	-3.1809747400	1.6231155100	-3.8370399300	-2.9195281500	-1.9974239300	-0.6934637910
3.30000	-1.0807859000	1.7321402200	2.0575726200	2.7084374300	0.6513543200	-2.8129261200	0.9767867200	-3.1383585200	1.6276515300	-3.7892233300	-2.8639732200	-1.9459730800	-0.7091254420
3.35000	-1.0600489700	1.7156038100	2.0379293800	2.6825805000	0.6555548400	-2.7756527800	0.9778804100	-3.0979783500	1.6225315300	-3.7426294700	-2.8055433200	-1.9020546000	-0.7248154220
3.40000	-1.0443143400	1.6962786400	2.0149734200	2.6523629700	0.6519643000	-2.7405929800	0.9706590800	-3.0592877600	1.6080486300	-3.6966773100	-2.7442855500	-1.8650268600	-0.7397296820
3.45000	-1.0330979400	1.6740688400	1.9885908700	2.6176349200	0.6409709000	-2.7071667800	0.9554929300	-3.0216888100	1.5845369800	-3.6507328600	-2.6802888000	-1.8341542400	-0.7531737390
3.50000	-1.0258742200	1.6488788600	1.9586682200	2.5782469400	0.6230046400	-2.6747530800	0.9327940000	-2.9845424400	1.5523727200	-3.6041211600	-2.6136793000	-1.8086221400	-0.7645708700
3.55000	-1.0220816700	1.6206178300	1.9250975400	2.5340569700	0.5985361600	-2.6426995000	0.9030158700	-2.9471792100	1.5119753000	-3.5561386400	-2.5446155000	-1.7875538200	-0.7734657270
3.60000	-1.0211285100	1.5892040800	1.8877818200	2.4849372900	0.5680755700	-2.6103325900	0.8666533100	-2.9089103300	1.4638087800	-3.5060658000	-2.4732807000	-1.7700254600	-0.7795255140
3.65000	-1.0223984800	1.5545697200	1.8466403900	2.4307817400	0.5321712400	-2.5769682000	0.8242419100	-2.8690388700	1.4083832600	-3.4531802200	-2.3998756000	-1.7550833900	-0.7825357230
3.70000	-1.0252566900	1.5166651300	1.8016143400	2.3715127500	0.4914084400	-2.5419218200	0.7763576500	-2.8268710300	1.3462560600	-3.3967694400	-2.3246111800	-1.7417591200	-0.7823927400
3.75000	-1.0290556400	1.4754633800	1.7526716500	2.3070881900	0.4464077400	-2.5045190200	0.7236160100	-2.7817272900	1.2780325500	-3.3361438300	-2.2477000300	-1.7290848100	-0.7790938910
3.80000	-1.0331413200	1.4309643600	1.6998122000	2.2375079000	0.3978230400	-2.4641056800	0.6666708800	-2.7329535200	1.2043665800	-3.2706492200	-2.1693488900	-1.7161072900	-0.7727249190
3.85000	-1.0368595000	1.3831986100	1.6430722900	2.1628196500	0.3463391100	-2.4200581100	0.6062127900	-2.6799317900	1.1259601500	-3.1996791500	-2.0897512700	-1.7019023200	-0.7634437710
3.90000	-1.0395620100	1.3322307700	1.5825286700	2.0831244800	0.2926687600	-2.3717927800	0.5429666600	-2.6220906800	1.0435624700	-3.1226864900	-2.0090805700	-1.6855868300	-0.7514646390
3.95000	-1.0406132000	1.2781624700	1.5183020900	1.9985813200	0.2375492700	-2.3187756700	0.4776888900	-2.5589152900	0.9579681200	-3.0391945200	-1.9274849100	-1.6663297000	-0.7370398450
4.00000	-1.0393964200	1.2211347200	1.4505600300	1.9094106500	0.1817383000	-2.2605311400	0.4111636100	-2.4899564500	0.8700142300	-2.9488070700	-1.8450823800	-1.6433626600	-0.7204411550
4.05000	-1.0353204800	1.1613296200	1.3795188200	1.8158972200	0.1260091400	-2.1966501000	0.3441983400	-2.4148393000	0.7805767400	-2.8512177000	-1.7619579400	-1.6159892200	-0.7019431220
4.10000	-1.0278260900	1.0989714300	1.3054448500	1.7183916900	0.0711453400	-2.1267975200	0.2776187600	-2.3332709400	0.6905656000	-2.7462177800	-1.6781625900	-1.5835915900	-0.6818035620
4.15000	-1.0163921800	1.0343268800	1.2286549600	1.6173111300	0.0179347000	-2.0507190600	0.2122627800	-2.2450471400	0.6009189500	-2.6337033100	-1.5937127500	-1.5456378700	-0.6602500230
4.20000	-1.0005420600	0.9677046960	1.1495158800	1.5131382500	-0.0328373640	-1.9682467560	0.1489738200	-2.1500579400	0.5125961900	-2.5136803100	-1.5085924600	-1.5016873600	-0.6374638530
4.25000	-0.9798492570	0.8994543680	1.0684427600	1.4064195600	-0.0803948890	-1.8793036250	0.0885935030	-2.0482920170	0.4265703030	-2.3862688170	-1.4227566500	-1.4513938800	-0.6135683950
4.30000	-0.9539430910	0.8299641230	0.9858967760	1.2977620800	-0.1239789680	-1.7839072140	0.0319536850	-1.9398398670	0.3438189890	-2.2517051710	-1.3361346800	-1.3945092500	-0.5886205170
4.35000	-0.9225137190	0.7596580890	0.9023817300	1.1878290100	-0.1628556300	-1.6821718080	-0.0201319890	-1.8248954490	0.2653152910	-2.1103427290	-1.2486377300	-1.3308848300	-0.5626030540
4.40000	-0.8853167040	0.6889927180	0.8184398340	1.0773340700	-0.1963239860	-1.5743094220	-0.0668768700	-1.7037565380	0.1920173660	-1.9626507740	-1.1601642200	-1.2604726800	-0.5354216480
4.45000	-0.8421769390	0.6184524670	0.7346465670	0.9670347670	-0.2237244720	-1.4606294060	-0.1075303720	-1.5768235060	0.1248578280	-1.8092117060	-1.0706076200	-1.1833256300	-0.5069044620
4.50000	-0.7929918560	0.5485448250	0.6516047610	0.8577246350	-0.2444470310	-1.3415366810	-0.1413870950	-1.4445966170	0.0647327790	-1.6507164910	-0.9798645060	-1.0995963600	-0.4768044630
4.55000	-0.7377338420	0.4797947240	0.5699379750	0.7502244770	-0.2579391180	-1.2175285660	-0.1677958670	-1.3076718170	0.0124906350	-1.4879583190	-0.8878415310	-1.0095351800	-0.4448055110
4.60000	-0.6764517800	0.4127384440	0.4902832430	0.6453728400	-0.2637133360	-1.0891902240	-0.1861685370	-1.1667350230	-0.0310789400	-1.3218246200	-0.7944634990	-0.9134892000	-0.4105316340
4.65000	-0.6092716630	0.3479170880	0.4132833290	0.5440158100	-0.2613545750	-0.9571887510	-0.1959883340	-1.0225549920	-0.0652558530	-1.1532874730	-0.6996797870	-0.8118979630	-0.3735567990
4.70000	-0.5363962240	0.2858697400	0.3395786010	0.4469963210	-0.2505264840	-0.8222659640	-0.1968176230	-0.8759748250	-0.0893999030	-0.9833925450	-0.6034708900	-0.7052906220	-0.3334199030
4.75000	-0.4581035480	0.2271264320	0.2697986700	0.3551431480	-0.2309771160	-0.6852299800	-0.1883048780	-0.7279022180	-0.1029604000	-0.8132466960	-0.5058523100	-0.5942819970	-0.2896396040
4.80000	-0.3747446590	0.1722010210	0.2045539400	0.2692597780	-0.2025436380	-0.5469456800	-0.1701907190	-0.5792985990	-0.1054848810	-0.6440044370	-0.4068789880	-0.4795663150	-0.2417307290
4.85000	-0.2867400850	0.1215841320	0.1444272110	0.1901133700	-0.1651559530	-0.4083242170	-0.1423128740	-0.4311672960	-0.0966267150	-0.4768534550	-0.3066477740	-0.3619129930	-0.1892234310
4.90000	-0.1945754040	0.0757362673	0.0899655054	0.1184239820	-0.1188391367	-0.2703116713	-0.1046098986	-0.2845409094	-0.0761514220	-0.3129993860	-0.2052970120	-0.2421597990	-0.1316794840
4.95000	-0.0987958494	0.0350812344	0.0416722542	0.0548542938	-0.0637146150	-0.1338770838	-0.0571235952	-0.1404681036	-0.0439415556	-0.1536501432	-0.1030075350	-0.1212048790	-0.0687116725
5.00000	0.0000000000	0.0000000000	0.0000000000	0.0000000000	0.0000000000	0.0000000000	0.0000000000	0.0000000000	0.0000000000	0.0000000000	-0.0000000085	0.0000000650	-0.0000000152
5.05000	0.1011673360	0.0291749003	0.0346562452	0.0456189351	0.1303422363	0.0719924357	0.1358235812	0.0665110908	0.1467862711	0.0555484009	0.1034678250	0.1204598990	0.0746915451
5.10000	0.2040229580	0.0521642953	0.0619648598	0.0815659889	0.2561872533	0.1518586627	0.2659878178	0.1420580982	0.2855889469	0.1224569691	0.2071049860	0.2391462310	0.1555013860
5.15000	0.3078537150	0.0687465538	0.0816625730	0.1074946110	0.3766002688	0.2391071612	0.3895162880	0.2261911420	0.4153483260	0.2003591040	0.3105908850	0.3550077770	0.2424590970
5.20000	0.4119254150	0.0787609231	0.0935584299	0.1231534430	0.4906863381	0.3331644919	0.5054838449	0.3183669851	0.5350788580	0.2887719720	0.4135816230	0.4669835360	0.3354749220
5.25000	0.5154920730	0.0821099606	0.0975366804	0.1283901200	0.5976020336	0.4333821124	0.6130287534	0.4179553926	0.6438821930	0.3871019530	0.5157135240	0.5740147140	0.4343349910
5.30000	0.6178053400	0.0787610134	0.0935585371	0.1231535850	0.6965663534	0.5390443266	0.7113638771	0.5242468029	0.7409589250	0.4946517550	0.6166086190	0.6750605260	0.5386975860
5.35000	0.7181239680	0.0687467137	0.0816627630	0.1074948610	0.7868706817	0.6493772543	0.7997867310	0.6364612050	0.8256188290	0.6106291070	0.7158795160	0.7691113610	0.6480940930
5.40000	0.8157231430	0.0521644817	0.0619650812	0.0815662804	0.8678876247	0.7635586613	0.8776882242	0.7537580618	0.8972894234	0.7341568626	0.8131325880	0.8552048810	0.7619324420
5.45000	0.9099035500	0.0291750441	0.0346564160	0.0456191598	0.9390785941	0.8807285059	0.9445599660	0.8752471340	0.9555227098	0.8642843902	0.9079715030	0.9324414420	0.8795054720
5.50000	1.0000000000	0.0000000246	0.0000000292	0.0000000384	1.0000000246	0.9999999754	1.0000000292	0.9999999708	1.0000000384	0.9999999616	0.9999999580	0.9999999320	0.9999999310
5.55000	1.0853895000	0.0350815195	0.0416725929	0.0548547396	1.1204710195	1.0503079805	1.1270620929	1.0437169071	1.1402442396	1.0305347604	1.0888237800	1.0571527400	1.1225117900
5.60000	1.1654986300	0.0757370308	0.0899664124	0.1184251750	1.2412356608	1.0897615992	1.2554650424	1.0755322176	1.2839238050	1.0470734550	1.1740507900	1.1032796000	1.2460606600
5.65000	1.2398100700	0.1215856340	0.1444289960	0.1901157190	1.3613957040	1.1182244360	1.3842390660	1.0953810740	1.4299257890	1.0496943510	1.2552928000	1.1378820600	1.3696091100
5.70000	1.3078682900	0.1722036110	0.2045570170	0.2692638280	1.4800719010	1.1356646790	1.5124253070	1.1033112730	1.5771321180	1.0386044620	1.3321641700	1.1605940100	1.4920817800
5.75000	1.3692841900	0.2271305730	0.2698035900	0.3551496230	1.5964147630	1.1421536170	1.6390877800	1.0994806000	1.7244338130	1.0141345670	1.4042824200	1.1711922500	1.6123867500
5.80000	1.4237387000	0.2858760470	0.3395860920	0.4470061830	1.7096147470	1.1378626530	1.7633247920	1.0841526080	1.8707448830	0.9767325170	1.4712676100	1.1696029600	1.7294368800
5.85000	1.4709852800	0.3479263700	0.4132943550	0.5440303240	1.8189116500	1.1230589100	1.8842796350	1.0576909250	2.0150156040	0.9269549560	1.5327415100	1.1559074800	1.8421699200
5.90000	1.5108514000	0.4127517680	0.4902990690	0.6453936730	1.9236031680	1.0980996320	2.0011504690	1.0205523310	2.1562450730	0.8654577270	1.5883285900	1.1303440900	1.9495698000
5.95000	1.5432387600	0.4798134870	0.5699602630	0.7502538160	2.0230522470	1.0634252730	2.1131990230	0.9732784970	2.2934925760	0.7929849440	1.6376563400	1.0933057100	2.0506852200
6.00000	1.5681225900	0.5485708570	0.6516356850	0.8577653400	2.1166934470	1.0195517330	2.2197582750	0.9164869050	2.4258879300	0.7103572500	1.6803564900	1.0453377300	2.1446470500
6.05000	1.5855498100	0.6184881570	0.7346889630	0.9670905730	2.2040379670	0.9670616530	2.3202387730	0.8508608470	2.5526403830	0.6184592370	1.7160682300	0.9871286440	2.2306814300
6.10000	1.5956362800	0.6890411740	0.8184973950	1.0774098400	2.2846774540	0.9065951060	2.4141336750	0.7771388850	2.6730461200	0.5182264400	1.7444408300	0.9195008500	2.3081242100
6.15000	1.5985631000	0.7597233470	0.9024592490	1.1879310500	2.3582864470	0.8388397530	2.5010223490	0.6961038510	2.7864941500	0.4106320500	1.7651385600	0.8433974620	2.3764271400
6.20000	1.5945722200	0.8300514080	0.9860004600	1.2978985600	2.4246236280	0.7645208120	2.5805726800	0.6085717600	2.8924707800	0.2966736600	1.7778462900	0.7598666220	2.4351657800
6.25000	1.5839612000	0.8995704280	1.0685806300	1.4066010300	2.4835316280	0.6843907720	2.6525418300	0.5153805700	2.9905622300	0.1773601700	1.7822754100	0.6700436110	2.4840407500
6.30000	1.5670775700	0.9678582190	1.1496982500	1.5133783100	2.5349357890	0.5992193510	2.7167758200	0.4173793200	3.0804558800	0.0536992600	1.7781713600	0.5751318750	2.5228771200
6.35000	1.5443125900	1.0345290200	1.2288950800	1.6176272000	2.5788416100	0.5097835700	2.7732076700	0.3154175100	3.1619397900	-0.0733146100	1.7653217000	0.4763820880	2.5516214400
6.40000	1.5160948000	1.0992364600	1.3057596800	1.7188061100	2.6153312600	0.4168583400	2.8218544800	0.2103351200	3.2349009100	-0.2027113100	1.7435636200	0.3750717000	2.5703343300
6.45000	1.4828832400	1.1616757500	1.3799299900	1.8164384500	2.6445589900	0.3212074900	2.8628132300	0.1029532500	3.2993216900	-0.3335552100	1.7127921100	0.2724831380	2.5791830200
6.50000	1.4451607100	1.2215851100	1.4510950400	1.9101149000	2.6667458200	0.2235756000	2.8962557500	-0.0059343300	3.3552756100	-0.4649541900	1.6729684900	0.1698833840	2.5784295500
6.55000	1.4034269900	1.2787464600	1.5189957900	1.9994944600	2.6821734500	0.1246805300	2.9224227800	-0.1155688000	3.4029214500	-0.5960674700	1.6241271400	0.0685042684	2.5684187900
6.60000	1.3581922400	1.3329853700	1.5834250500	2.0843044000	2.6911776100	0.0252068700	2.9416172900	-0.2252328100	3.4424966400	-0.7261121600	1.5663822900	-0.0304752061	2.5495667100
6.65000	1.3099706500	1.3841703800	1.6442266300	2.1643391400	2.6941410300	-0.0741997300	2.9541972800	-0.3342559800	3.4743097900	-0.8543684900	1.4999332500	-0.1259466310	2.5223451200
6.70000	1.2592744300	1.4322115800	1.7012937500	2.2394581000	2.6914860100	-0.1729371500	2.9605681800	-0.4420193200	3.4987325300	-0.9801836700	1.4250680000	-0.2168852880	2.4872698400
6.75000	1.2066082300	1.4770587200	1.7545667300	2.3095827300	2.6836669500	-0.2704504900	2.9611749600	-0.5479585000	3.5161909600	-1.1029745000	1.3421661200	-0.3023625450	2.4448873500
6.80000	1.1524640500	1.5186988000	1.8040300900	2.3746926600	2.6711628500	-0.3662347500	2.9564941400	-0.6515660400	3.5271567100	-1.2222286100	1.2516986200	-0.3815549690	2.3957633000
6.85000	1.0973167100	1.5571531300	1.8497091800	2.4348212600	2.6544698400	-0.4598364200	2.9470258900	-0.7523924700	3.5321379700	-1.3375045500	1.1542267500	-0.4537508890	2.3404728300
6.90000	1.0416199200	1.5924742300	1.8916663600	2.4900506100	2.6340941500	-0.5508543100	2.9332862800	-0.8500464400	3.5316705300	-1.4484306900	1.0503982200	-0.5183556770	2.2795914100
6.95000	0.9858028900	1.6247422600	1.9299968700	2.5405060900	2.6105451500	-0.6389393700	2.9157997600	-0.9441939800	3.5263089800	-1.5547032000	0.9409427120	-0.5748917280	2.2136884900
7.00000	0.9302677060	1.6540614400	1.9648245000	2.5863506200	2.5843291460	-0.7237937340	2.8950922060	-1.0345567940	3.5166183260	-1.6560829140	0.8266630750	-0.6229994340	2.1433237300
7.05000	0.8753872070	1.6805562400	1.9962971100	2.6277788500	2.5559434470	-0.8051690330	2.8716843170	-1.1209099030	3.5031660570	-1.7523916430	0.7084271300	-0.6624338010	2.0690426900
7.10000	0.8215035590	1.7043676500	2.0245821800	2.6650112400	2.5258712090	-0.8828640910	2.8460857390	-1.2030786210	3.4865147990	-1.8435076810	0.5871566540	-0.6930604840	1.9913780200
7.15000	0.7689273960	1.7256494500	2.0498623700	2.6982882200	2.4945768460	-0.9567220540	2.8187897660	-1.2809349740	3.4672156160	-1.9293608240	0.4638152420	-0.7148496860	1.9108492600
7.20000	0.7179375390	1.7445645700	2.0723312400	2.7278646000	2.4625021090	-1.0266270310	2.7902687790	-1.3543937010	3.4458021390	-2.0099270610	0.3393947040	-0.7278696500	1.8279652300
7.25000	0.6687812370	1.7612817400	2.0921892200	2.7540041700	2.4300629770	-1.0925005030	2.7609704570	-1.4234079830	3.4227854070	-2.0852229330	0.2149012010	-0.7322796310	1.7432281400
7.30000	0.6216748910	1.7759722600	2.1096397800	2.7769748100	2.3976471510	-1.1542973690	2.7313146710	-1.4879648890	3.3986497010	-2.1552999190	0.0913407448	-0.7283191460	1.6571372400
7.35000	0.5768052050	1.7888071000	2.1248860100	2.7970438300	2.3656123050	-1.2120018950	2.7016912150	-1.5480808050	3.3738490350	-2.2202386250	-0.0302956095	-0.7163034070	1.5701930000
7.40000	0.5343307140	1.7999542900	2.1381275200	2.8144739800	2.3342850040	-1.2656235760	2.6724582340	-1.6037968060	3.3488046940	-2.2801432660	-0.1490469270	-0.6966109870	1.4829023400
7.45000	0.4943836180	1.8095766300	2.1495576900	2.8295198200	2.3039602480	-1.3151930120	2.6439413080	-1.6551740720	3.3239034380	-2.3351362020	-0.2639949320	-0.6696779390	1.3957814300
7.50000	0.4570718830	1.8178297400	2.1593613900	2.8424246900	2.2749016230	-1.3607578570	2.6164332730	-1.7022895070	3.2994965730	-2.3853528070	-0.3742788390	-0.6359886800	1.3093586500
7.55000	0.4224815250	1.8248604300	2.1677129900	2.8534181200	2.2473419550	-1.4023789050	2.5901945150	-1.7452314650	3.2758996450	-2.4309365950	-0.4791053640	-0.5960679180	1.2241766200
7.60000	0.3906790410	1.8308053700	2.1747748600	2.8627138500	2.2214844110	-1.4401263290	2.5654539010	-1.7840958190	3.2533928910	-2.4720348090	-0.5777607240	-0.5504735280	1.1407919800
7.65000	0.3617139140	1.8357901100	2.1806961300	2.8705081700	2.1975040240	-1.4740761960	2.5424100440	-1.8189822160	3.2322220840	-2.5087942560	-0.6696185910	-0.4997890840	1.0597729400
7.70000	0.3356211500	1.8399283000	2.1856118000	2.8769787900	2.1755494500	-1.5043071500	2.5212329500	-1.8499906500	3.2125999400	-2.5413576400	-0.7541469820	-0.4446170840	0.9816970610
7.75000	0.3124237830	1.8433211800	2.1896421300	2.8822840300	2.1557449630	-1.5308973970	2.5020659130	-1.8772183470	3.1947078130	-2.5698602470	-0.8309125790	-0.3855716900	0.9071451770
7.80000	0.2921353240	1.8460572900	2.1928923000	2.8865623100	2.1381926140	-1.5539219660	2.4850276240	-1.9007569760	3.1786976340	-2.5944269860	-0.8995838120	-0.3232727910	0.8366939520
7.85000	0.2747620860	1.8482122600	2.1954521400	2.8899319000	2.1229743460	-1.5734501740	2.4702142260	-1.9206900540	3.1646939860	-2.6151698140	-0.9599312500	-0.2583386930	0.7709078890
7.90000	0.2603053700	1.8498488000	2.1973961600	2.8924908600	2.1101541700	-1.5895434300	2.4577015300	-1.9370907900	3.1527962300	-2.6321854900	-1.0118249600	-0.1913796200	0.7103286130
7.95000	0.2487634710	1.8510167400	2.1987835200	2.8943170900	2.0997802110	-1.6022532690	2.4475469910	-1.9500200490	3.1430805610	-2.6455536190	-1.0552316300	-0.1229912920	0.6554649140
8.00000	0.2401334770	1.8517530800	2.1996582000	2.8954684500	2.0918865570	-1.6116196030	2.4397916770	-1.9595247230	3.1356019270	-2.6553349730	-1.0902080200	-0.0537477062	0.6067798650
8.05000	0.2344128380	1.8520821000	2.2000490400	2.8959829200	2.0864949380	-1.6176692620	2.4344618780	-1.9656362020	3.1303957580	-2.6615700820	-1.1168934900	0.0158056754	0.5646804100
8.10000	0.2316007010	1.8520154700	2.1999698900	2.8958787300	2.0836161710	-1.6204147690	2.4315705910	-1.9683691890	3.1274794310	-2.6642780290	-1.1355006000	0.0851589625	0.5295046460
8.15000	0.2316989790	1.8515522800	2.1994196700	2.8951544700	2.0832512590	-1.6198533010	2.4311186490	-1.9677206910	3.1268534490	-2.6634554910	-1.1463051600	0.1538438630	0.5015134020
8.20000	0.2347131630	1.8506790800	2.1983824200	2.8937891000	2.0853922430	-1.6159659170	2.4330955830	-1.9636692570	3.1285022630	-2.6590759370	-1.1496340500	0.2214417190	0.4808792840
8.25000	0.2406528690	1.8493698800	2.1968272500	2.8917419900	2.0900227490	-1.6087170110	2.4374801190	-1.9561743810	3.1323948590	-2.6510891210	-1.1458536000	0.2875882320	0.4676805750
8.30000	0.2495321130	1.8475861200	2.1947083600	2.8889528400	2.0971182330	-1.5980540070	2.4442404730	-1.9451762470	3.1384849530	-2.6394207270	-1.1353571000	0.3519805930	0.4618955430
8.35000	0.2613693370	1.8452766000	2.1919649300	2.8853415900	2.1066459370	-1.5839072630	2.4533342670	-1.9305955930	3.1467109270	-2.6239722530	-1.1185521900	0.4143813210	0.4634008950
8.40000	0.2761871750	1.8423774700	2.1885211100	2.8808084000	2.1185646450	-1.5661902950	2.4647082850	-1.9123339350	3.1569955750	-2.6046212250	-1.0958487400	0.4746222040	0.4719712060
8.45000	0.2940119850	1.8388121900	2.1842859900	2.8752336000	2.1328241750	-1.5448002050	2.4782979750	-1.8902740050	3.1692455850	-2.5812216150	-1.0676483700	0.5326084070	0.4872828300
8.50000	0.3148731510	1.8344916100	2.1791536700	2.8684777900	2.1493647610	-1.5196184590	2.4940268210	-1.8642805190	3.1833509410	-2.5536046390	-1.0343333600	0.5883177720	0.5089202850
8.55000	0.3388021820	1.8293141300	2.1730034500	2.8603821000	2.1681163120	-1.4905119480	2.5118056320	-1.8342012680	3.1991842820	-2.5215799180	-0.9962578890	0.6418023900	0.5363855290
8.60000	0.3658316200	1.8231659700	2.1657001800	2.8507686100	2.1889975900	-1.4573343500	2.5315318000	-1.7998685600	3.2166002300	-2.4849369900	-0.9537408390	0.6931864950	0.5691097190
8.65000	0.3959937820	1.8159216300	2.1570947900	2.8394411000	2.2119154120	-1.4199278480	2.5530885720	-1.7611010080	3.2354348820	-2.4434473180	-0.9070593420	0.7426623850	0.6064687140
8.70000	0.4293193640	1.8074446000	2.1470251000	2.8261861000	2.2367639640	-1.3781252360	2.5763444640	-1.7177057360	3.2555054640	-2.3968667360	-0.8564450630	0.7904863290	0.6477984130
8.75000	0.4658359220	1.7975882100	2.1353169000	2.8107742900	2.2634241320	-1.3317522880	2.6011528220	-1.6694809780	3.2766102120	-2.3449383680	-0.8020819460	0.8369712680	0.6924142200
8.80000	0.5055662650	1.7861968300	2.1217853300	2.7929623200	2.2917630950	-1.2806305650	2.6273515950	-1.6162190650	3.2985285850	-2.2873960550	-0.7441054960	0.8824780450	0.7396294220
8.85000	0.5485267880	1.7731073100	2.1062365700	2.7724950700	2.3216340980	-1.2245805220	2.6547633580	-1.5577097820	3.3210218580	-2.2239682820	-0.6826040160	0.9274069490	0.7887754130
8.90000	0.5947257660	1.7581507400	2.0884699700	2.7491084300	2.3528765060	-1.1634249740	2.6831957360	-1.4937442040	3.3438341960	-2.1543826640	-0.6176219520	0.9721856480	0.8392204750
8.95000	0.6441616480	1.7411544600	2.0682804500	2.7225324300	2.3853161080	-1.0969928120	2.7124420980	-1.4241188020	3.3666940780	-2.0783707820	-0.5491638510	1.0172577800	0.8903884670
9.00000	0.6968213700	1.7219444600	2.0454613000	2.6924949700	2.4187658300	-1.0251230900	2.7422826700	-1.3486399300	3.3893163400	-1.9956736000	-0.4771998770	1.0630710100	0.9417754890
9.05000	0.7526787240	1.7003479300	2.0198072400	2.6587258500	2.4530266540	-0.9476692060	2.7724859640	-1.2671285160	3.4114045740	-1.9060471260	-0.4016722100	1.1100632200	0.9929644520
9.10000	0.8116928020	1.6761962100	1.9911179200	2.6209613400	2.4878890120	-0.8645034080	2.8028107220	-1.1794251180	3.4326541420	-1.8092685380	-0.3225031190	1.1586510700	1.0436372200
9.15000	0.8738065560	1.6493278500	1.9592015700	2.5789490000	2.5231344060	-0.7755212940	2.8330081260	-1.0853950140	3.4527555560	-1.7051424440	-0.2396020040	1.2092163500	1.0935823200
9.20000	0.9389454790	1.6195919300	1.9238789000	2.5324528400	2.5585374090	-0.6806464510	2.8628243790	-0.9849334210	3.4713983190	-1.5935073610	-0.1528746660	1.2620956800	1.1427010000
9.25000	1.0070164600	1.5868514800	1.8849872100	2.4812586700	2.5938679400	-0.5798350200	2.8920036700	-0.8779707500	3.4882751300	-1.4742422100	-0.0622300902	1.3175691100	1.1910079000
9.30000	1.0779067900	1.5509869700	1.8423845200	2.4251796200	2.6288937600	-0.4730801800	2.9202913100	-0.7644777300	3.5030864100	-1.3472728300	0.0324104877	1.3758513500	1.2386282500
9.35000	1.1514834200	1.5118998700	1.7959537900	2.3640616200	2.6633832900	-0.3604164500	2.9474372100	-0.6444703700	3.5155450400	-1.2125782000	0.1311060740	1.4370838400	1.2857918600
9.40000	1.2275923700	1.4695161400	1.7456070500	2.2977888700	2.6971085100	-0.2419237700	2.9731994200	-0.5180146800	3.5253812400	-1.0701965000	0.2338888700	1.5013298200	1.3328224800
9.45000	1.3060584000	1.4237895400	1.6912893900	2.2262891000	2.7298479400	-0.1177311400	2.9973477900	-0.3852309900	3.5323475000	-0.9202307000	0.3407585180	1.5685697800	1.3801245100
9.50000	1.3866849600	1.3747048700	1.6329827600	2.1495385300	2.7613898300	0.0119800900	3.0196677200	-0.2462978000	3.5362234900	-0.7628535700	0.4516743280	1.6387004200	1.4281662200
9.55000	1.4692542800	1.3222808600	1.5707093800	2.0675664400	2.7915351400	0.1469734200	3.0399636600	-0.1014551000	3.5368207200	-0.5983121600	0.5665527020	1.7115349600	1.4774604100
9.60000	1.5535278800	1.2665727500	1.5045349100	1.9804592100	2.8201006300	0.2869551300	3.0580627900	0.0489929700	3.5339870900	-0.4269313300	0.6852606060	1.7868058400	1.5285443500
9.65000	1.6392471400	1.2076745100	1.4345709400	1.8883637900	2.8469216500	0.4315726300	3.0738180800	0.2046762000	3.5276109300	-0.2491166500	0.8076135140	1.8641697400	1.5819569000
9.70000	1.7261343000	1.1457205500	1.3609771400	1.7914903200	2.8718548500	0.5804137500	3.0871114400	0.3651571600	3.5176246200	-0.0653560200	0.9333717830	1.9432139900	1.6382161400
9.75000	1.8138935800	1.0808869300	1.2839626600	1.6901141100	2.8947805100	0.7330066500	3.0978562400	0.5299309200	3.5040076900	0.1237794700	1.0622394200	2.0234652800	1.6977972800
9.80000	1.9022125900	1.0133920000	1.2037868600	1.5845765900	2.9156045900	0.8888205900	3.1059994500	0.6984257300	3.4867891800	0.3176360000	1.1938623700	2.1043994100	1.7611106800
9.85000	1.9907639300	0.9434964330	1.1207594000	1.4752853300	2.9342603630	1.0472674970	3.1115233300	0.8700045300	3.4660492600	0.5154786000	1.3278277200	2.1854532300	1.8284829200
9.90000	2.0792070800	0.8715025900	1.0352394400	1.3627131400	2.9507096700	1.2077044900	3.1144465200	1.0439676400	3.4419202200	0.7164939400	1.4636645200	2.2660359000	1.9001386600
9.95000	2.1671903400	0.7977532440	0.9476341570	1.2473959800	2.9649435840	1.3694370960	3.1148244970	1.2195561830	3.4145863200	0.9197943600	1.6008445100	2.3455430900	1.9761851000
10.00000	2.2543530300	0.7226296030	0.8583963770	1.1299299200	2.9769826330	1.5317234270	3.1127494070	1.3959566530	3.3842829500	1.1244231100	1.7387836500	2.4233692700	2.0566018100
10.05000	2.3403278400	0.6465486620	0.7680214410	1.0109670000	2.9868765020	1.6937791780	3.1083492810	1.5723063990	3.3512948400	1.3293608400	1.8768448400	2.4989215600	2.1412316800
10.10000	2.4247432600	0.5699599010	0.6770432760	0.8912100260	2.9947031610	1.8547833590	3.1017865360	1.7476999840	3.3159532860	1.5335332340	2.0143417200	2.5716325200	2.2297765800
10.15000	2.5072260700	0.4933413320	0.5860297030	0.7714064460	3.0005674020	2.0138847380	3.0932557730	1.9211963670	3.2786325160	1.7358196240	2.1505429400	2.6409725500	2.3217975700
10.20000	2.5874040000	0.4171949700	0.4955770550	0.6523412260	3.0045989700	2.1702090300	3.0829810550	2.0918269450	3.2397452260	1.9350627740	2.2846785400	2.7064615300	2.4167174800
10.25000	2.6649083100	0.3420417500	0.4063041390	0.5348289170	3.0069500600	2.3228665600	3.0712124490	2.2586041710	3.1997372270	2.1300793930	2.4159454000	2.7676782400	2.5138293700
10.30000	2.7393764700	0.2684159740	0.3188456420	0.4197049770	3.0077924440	2.4709604960	3.0582221120	2.4205308280	3.1590814470	2.3196714930	2.5435166900	2.8242690500	2.6123059200
10.35000	2.8104547900	0.1968593620	0.2338450610	0.3078164580	3.0073141520	2.6135954280	3.0442998510	2.5766097290	3.1182712480	2.5026383320	2.6665501800	2.8759552800	2.7112148100
10.40000	2.8778009800	0.1279147870	0.1519472630	0.2000122130	3.0057157670	2.7498861930	3.0297482430	2.7258537170	3.0778131930	2.6777887670	2.7841988300	2.9225370600	2.8095349100
10.45000	2.9410867100	0.0621197931	0.0737907846	0.0971327675	3.0032065031	2.8789669169	3.0148774946	2.8672959254	3.0382194775	2.8439539425	2.8956225500	2.9638969800	2.9061759600
10.50000	3.0000000000	0.0000000000	0.0000000000	0.0000000000	3.0000000000	3.0000000000	3.0000000000	3.0000000000	3.0000000000	3.0000000000	3.0000000500	3.0000000100	3.0000000400
10.55000	3.0542475800	0.0579375012	0.0688227287	0.0905931837	3.1121850812	2.9963100788	3.1230703087	2.9854248513	3.1448407637	2.9636543963	3.0965416400	3.0308922600	3.0898438200
10.60000	3.1035570500	0.1112106540	0.1321047770	0.1738930230	3.2147677040	2.9923463960	3.2356618270	2.9714522730	3.2774500730	2.9296640270	3.1845037000	3.0566967500	3.1745424000
10.65000	3.1476789000	0.1593687340	0.1893107390	0.2491947480	3.3070476340	2.9883101660	3.3369896390	2.9583681610	3.3968736480	2.8984841520	3.2632014500	3.0776078000	3.2529530700
10.70000	3.1863884200	0.2019983230	0.2399495240	0.3158519240	3.3883867430	2.9843900970	3.4263379440	2.9464388960	3.5022403440	2.8705364960	3.3320220400	3.0938829500	3.3239779500
10.75000	3.2194873300	0.2387288690	0.2835809590	0.3732851400	3.4582161990	2.9807584610	3.5030682890	2.9359063710	3.5927724700	2.8462021900	3.3904381500	3.1058335200	3.3865871400
10.80000	3.2468052800	0.2692377170	0.3198217730	0.4209898850	3.5160429970	2.9775675630	3.5666270530	2.9269835070	3.6677951650	2.8258153950	3.4380193600	3.1138135900	3.4398396700
10.85000	3.2682011200	0.2932545410	0.3483508490	0.4585434650	3.5614556610	2.9749465790	3.6165519690	2.9198502710	3.7267445850	2.8096576550	3.4744419900	3.1182063200	3.4829018800
10.90000	3.2835639600	0.3105650770	0.3689136670	0.4856108480	3.5941290370	2.9729988830	3.6524776270	2.9146502930	3.7691748080	2.7979531120	3.4994970100	3.1194135100	3.5150649900
10.95000	3.2928139800	0.3210141030	0.3813258430	0.5019493240	3.6138280830	2.9717998770	3.6741398230	2.9114881370	3.7947633040	2.7908646560	3.5130978700	3.1178392400	3.5357587800
11.00000	3.2959030700	0.3245076060	0.3854757020	0.5074118930	3.6204106760	2.9713954640	3.6813787720	2.9104273680	3.8033149630	2.7884911770	3.5152819800	3.1138782500	3.5445632100
11.05000	3.2928151000	0.3210141030	0.3813258430	0.5019493240	3.6138292030	2.9718009970	3.6741409430	2.9114892570	3.7947644240	2.7908657760	3.5062131300	3.1079013900	3.5412160000
11.10000	3.2835661300	0.3105650770	0.3689136680	0.4856108480	3.5941312070	2.9730010530	3.6524797980	2.9146524620	3.7691769780	2.7979552820	3.4861786700	3.1002443300	3.5256179400
11.15000	3.2682042400	0.2932545410	0.3483508490	0.4585434650	3.5614587810	2.9749496990	3.6165550890	2.9198533910	3.7267477050	2.8096607750	3.4555846700	3.0911956900	3.4978344200
11.20000	3.2468091700	0.2692377170	0.3198217730	0.4209898850	3.5160468870	2.9775714530	3.5666309430	2.9269873970	3.6677990550	2.8258192850	3.4149481800	3.0809882800	3.4580932000
11.25000	3.2194917500	0.2387288690	0.2835809590	0.3732851400	3.4582206190	2.9807628810	3.5030727090	2.9359107910	3.5927768900	2.8462066100	3.3648862200	3.0697911600	3.4067801800
11.30000	3.1863930400	0.2019983230	0.2399495240	0.3158519240	3.3883913630	2.9843947170	3.4263425640	2.9464435160	3.5022449640	2.8705411160	3.3061031400	3.0577050800	3.3444313300
11.35000	3.1476833100	0.1593687340	0.1893107390	0.2491947480	3.3070520440	2.9883145760	3.3369940490	2.9583725710	3.3968780580	2.8984885620	3.2393754100	3.0447591400	3.2717224200
11.40000	3.1035607000	0.1112106550	0.1321047780	0.1738930230	3.2147713550	2.9923500450	3.2356654780	2.9714559220	3.2774537230	2.9296676770	3.1655336200	3.0309110700	3.1894555700
11.45000	3.0542498200	0.0579375013	0.0688227288	0.0905931838	3.1121873213	2.9963123187	3.1230725488	2.9854270912	3.1448430038	2.9636566362	3.0854466200	3.0160495400	3.0985450900
11.50000	3.0000000000	0.0000000000	0.0000000000	0.0000000000	3.0000000000	3.0000000000	3.0000000000	3.0000000000	3.0000000000	3.0000000000	2.9999999800	3.0000000400	3.0000000200
11.55000	2.9410834400	0.0621197932	0.0737907847	0.0971327676	3.0032032332	2.8789636468	3.0148742247	2.8672926553	3.0382162076	2.8439506724	2.9100793700	2.9825309200	2.8949067900
11.60000	2.8777931700	0.1279147880	0.1519472630	0.2000122130	3.0057079580	2.7498783820	3.0297404330	2.7258459070	3.0778053830	2.6777809570	2.8165507200	2.9633641300	2.7844103300
11.65000	2.8104408700	0.1968593630	0.2338450610	0.3078164580	3.0073002330	2.6135815070	3.0442859310	2.5765958090	3.1182573280	2.5026244120	2.7202433700	2.9421867300	2.6696946000
11.70000	2.7393545100	0.2684159750	0.3188456430	0.4197049790	3.0077704850	2.4709385350	3.0582001530	2.4205088670	3.1590594890	2.3196495310	2.6219345200	2.9186627100	2.5519630800
11.75000	2.6648759400	0.3420417510	0.4063041410	0.5348289200	3.0069176910	2.3228341890	3.0711800810	2.2585717990	3.1997048600	2.1300470200	2.5223338800	2.8924480800	2.4324201100
11.80000	2.5873583000	0.4171949720	0.4955770580	0.6523412290	3.0045532720	2.1701633280	3.0829353580	2.0917812420	3.2396995290	1.9350170710	2.4220730200	2.8632036600	2.3122525200
11.85000	2.5071634600	0.4933413350	0.5860297070	0.7714064520	3.0005047950	2.0138221250	3.0931931670	1.9211337530	3.2785699120	1.7357570080	2.3216958900	2.8306101100	2.1926121900
11.90000	2.4246593700	0.5699599060	0.6770432820	0.8912100350	2.9946192760	1.8546994640	3.1017026520	1.7476160880	3.3158694050	1.5334493350	2.2216519900	2.7943810500	2.0745989600
11.95000	2.3402173200	0.6465486700	0.7680214510	1.0109670100	2.9867659900	1.6936686500	3.1082387710	1.5721958690	3.3511843300	1.3292503100	2.1222925800	2.7542758000	1.9592464500
12.00000	2.2542093400	0.7226296150	0.8583963910	1.1299299400	2.9768389550	1.5315797250	3.1126057310	1.3958129490	3.3841392800	1.1242794000	2.0238700600	2.7101092800	1.8475093000
12.05000	2.1670055600	0.7977532620	0.9476341770	1.2473960100	2.9647588220	1.3692522980	3.1146397370	1.2193713830	3.4144015700	0.9196095500	1.9265390000	2.6617620000	1.7402502300
12.10000	2.0789715700	0.8715026150	1.0352394700	1.3627131800	2.9504741850	1.2074689550	3.1142110400	1.0437321000	3.4416847500	0.7162583900	1.8303603100	2.6091858700	1.6382316000
12.15000	1.9904660100	0.9434964700	1.1207594400	1.4752853900	2.9339624800	1.0469695400	3.1112254500	0.8697065700	3.4657514000	0.5151806200	1.7353076400	2.5524086600	1.5421068800
12.20000	1.9018381500	1.0133920600	1.2037869300	1.5845766700	2.9152302100	0.8884460900	3.1056250800	0.6980512200	3.4864148200	0.3172614800	1.6412753200	2.4915362400	1.4524153600
12.25000	1.8134256200	1.0808870100	1.2839627500	1.6901142400	2.8943126300	0.7325386100	3.0973883700	0.5294628700	3.5035398600	0.1233113800	1.5480873700	2.4267500200	1.3695777700
12.30000	1.7255523800	1.1457206700	1.3609772800	1.7914905000	2.8712730500	0.5798317100	3.0865296600	0.3645751000	3.5170428800	-0.0659381200	1.4555088100	2.3583055000	1.2938944300
12.35000	1.6385267500	1.2076746800	1.4345711400	1.8883640500	2.8462014300	0.4308520700	3.0730978900	0.2039556100	3.5268908000	-0.2498373000	1.3632575500	2.2865249500	1.2255453700
12.40000	1.5526397200	1.2665730000	1.5045351900	1.9804595900	2.8192127200	0.2860667200	3.0571749100	0.0481045300	3.5330993100	-0.4278198700	1.2710153500	2.2117903300	1.1645917900
12.45000	1.4681634200	1.3222812100	1.5707098000	2.0675669800	2.7904446300	0.1458822100	3.0388732200	-0.1025463800	3.5357304000	-0.5994035600	1.1784412600	2.1345333300	1.1109804300
12.50000	1.3853498700	1.3747053800	1.6329833600	2.1495393200	2.7600552500	0.0106444900	3.0183332300	-0.2476334900	3.5348891900	-0.7641894500	1.0851838500	2.0552254200	1.0645480400
12.55000	1.3044298700	1.4237902600	1.6912902500	2.2262902300	2.7282201300	-0.1193603900	2.9957201200	-0.3868603800	3.5307201000	-0.9218603600	0.9908924860	1.9743647000	1.0250293800
12.60000	1.2256122200	1.4695171700	1.7456082800	2.2977904900	2.6951293900	-0.2439049500	2.9712205000	-0.5199960600	3.5234027100	-1.0721782700	0.8952305630	1.8924654300	0.9920645890
12.65000	1.1490831200	1.5119013500	1.7959555400	2.3640639300	2.6609844700	-0.3628182300	2.9450386600	-0.6468724200	3.5131470500	-1.2149808100	0.7978848220	1.8100446000	0.9652106410
12.70000	1.0750058100	1.5509890700	1.8423870100	2.4251829000	2.6259948800	-0.4759832600	2.9173928200	-0.7673812000	3.5001887100	-1.3501770900	0.6985782700	1.7276109400	0.9439511710
12.75000	1.0035205100	1.5868544600	1.8849907500	2.4812633300	2.5903749700	-0.5833339500	2.8885112600	-0.8814702400	3.4847838400	-1.4777428200	0.5970786870	1.6456542600	0.9277094240
12.80000	0.9347444710	1.6195961500	1.9238839100	2.5324594300	2.5543406210	-0.6848516790	2.8586283810	-0.9891394390	3.4672039010	-1.5977149590	0.4932088920	1.5646355900	0.9158611430
12.85000	0.8687723530	1.6493338000	1.9592086300	2.5789583000	2.5181061530	-0.7805614470	2.8279809830	-1.0904362770	3.4477306530	-1.7101859470	0.3868556920	1.4849790400	0.9077483210
12.90000	0.8056767410	1.6762045600	1.9911278500	2.6209744100	2.4818813010	-0.8705278190	2.7968045910	-1.1854511090	3.4266511510	-1.8152976690	0.2779772990	1.4070657600	0.9026929250
12.95000	0.7455088700	1.7003596300	2.0198211300	2.6587441500	2.4458685000	-0.9548507600	2.7653300000	-1.2743122600	3.4042530200	-1.9132352800	0.1666110930	1.3312293500	0.9000118260
13.00000	0.6882995130	1.7219607800	2.0454806800	2.6925204900	2.4102602930	-1.0336612670	2.7337801930	-1.3571811670	3.3808200030	-2.0042209770	0.0528799812	1.2577524300	0.8990292360
13.05000	0.6340600290	1.7411771500	2.0683074000	2.7225679100	2.3752371790	-1.1071171210	2.7023674290	-1.4342473710	3.3566279390	-2.0885078810	-0.0630016649	1.1868671300	0.8990919500
13.10000	0.5827835280	1.7581821500	2.0885072800	2.7491575400	2.3409656780	-1.1753986220	2.6712908080	-1.5057237520	3.3319410680	-2.1663740120	-0.1807255390	1.1187545100	0.8995806130
13.15000	0.5344461580	1.7731506200	2.1062880100	2.7725627900	2.3075967780	-1.2387044620	2.6407341680	-1.5718418520	3.3070089480	-2.2381166320	-0.2998849470	1.0535477500	0.8999219430
13.20000	0.4890084680	1.7862563100	2.1218559800	2.7930553200	2.2752647780	-1.2972478420	2.6108644480	-1.6328475120	3.2820637880	-2.3040468520	-0.4199747720	0.9913358770	0.8995995810
13.25000	0.4464168420	1.7976695400	2.1354135100	2.8109014600	2.2440863820	-1.3512526980	2.5818303520	-1.6889966680	3.2573183020	-2.3644846180	-0.5403915880	0.9321677560	0.8981617610
13.30000	0.4066049740	1.8075553200	2.1471566200	2.8263592300	2.2141602940	-1.4009503460	2.5537615940	-1.7405516460	3.2329642040	-2.4197542560	-0.6604377180	0.8760583990	0.8952302530
13.35000	0.3694953650	1.8160716900	2.1572730400	2.8396757300	2.1855670550	-1.4465763250	2.5267684050	-1.7877776750	3.2091710950	-2.4701803650	-0.7793253000	0.8229942530	0.8905038660
13.40000	0.3350008240	1.8233684100	2.1659406600	2.8510851500	2.1583692340	-1.4883675860	2.5009414840	-1.8309398360	3.1860859740	-2.5160843260	-0.8961851200	0.7729401750	0.8837636080
13.45000	0.3030259490	1.8295859800	2.1733263800	2.8608071700	2.1326119290	-1.5265600310	2.4763523290	-1.8703004310	3.1638331190	-2.5577812210	-1.0100769800	0.7258441940	0.8748733460
13.50000	0.2734685790	1.8348549400	2.1795852700	2.8690459100	2.1083235190	-1.5613863610	2.4530538490	-1.9061166910	3.1425144890	-2.5955773310	-1.1200027900	0.6816435030	0.8637788420
